1000
92.3446 35.0624 63.631
92.8996 35.2087 63.2887
92.9062 34.9742 63.0616

66.8437 78.7778 76.1589
66.6251 79.0967 75.4439
66.8325 78.7068 76.1177

98.2193 92.3265 80.438
98.1685 92.2566 80.7894
98.8031 92.524 81.0626

52.9656 76.9339 19.3821
53.2087 76.606 19.176
52.9682 76.9081 19.3555

97.1645 66.0635 84.9969
97.0946 66.0542 84.922
97.9056 65.1928 84.6732

12.9183 17.2962 31.4408
12.6908 16.8312 31.2119
12.8827 16.8364 31.812

95.6446 67.6751 90.2636
95.9951 67.6542 89.9213
95.844 67.8895 89.8698

29.1221 6.41314 2.74702
29.7557 6.53733 2.91276
29.0707 7.16068 2.8009

38.7287 19.0004 57.5816
38.3634 18.9652 58.2582
39.2702 19.1008 57.9428

44.5644 36.1691 4.3617
44.6518 36.4615 4.42606
44.6785 35.6364 3.46687

79.4512 96.0243 21.1618
79.6097 96.4112 20.3459
80.1912 96.8327 21.1178

81.8761 95.672 68.3423
82.2471 95.1163 68.7006
82.2818 95.6994 68.394

84.7593 61.5117 59.5919
84.798 61.3135 59.5609
84.0018 61.3856 59.6533

8.18713 41.797 29.4616
8.13522 41.6189 29.4187
8.81992 42.1273 29.3389

44.5219 44.0765 43.7689
45.1305 43.9241 43.3871
44.7248 43.7697 43.7025

31.6379 92.4005 43.8439
32.4542 92.4806 43.2638
31.7498 92.737 43.4957

35.2889 56.0875 33.7065
35.3627 56.5336 33.1481
34.8009 55.895 33.5038

40.2744 23.4144 89.4713
40.5937 22.7336 89.4044
40.0303 22.7766 89.4256

78.8841 1.57393 99.2172
78.1617 1.92528 99.7792
78.4931 1.43021 99.2302

34.0164 60.4205 26.8989
33.7073 59.8233 27.1274
33.6015 60.2299 26.9202

19.9076 15.7901 65.9704
20.805 15.5784 65.9846
20.8036 16.4125 66.1537

32.7784 5.74226 51.6998
33.1477 6.07907 51.3038
33.4141 5.75116 51.9247

40.4877 86.0654 78.5021
41.0339 86.2657 78.6584
40.6921 86.3422 78.9772

17.6506 37.5705 80.2689
17.647 37.8991 80.3219
18.1637 38.1459 79.818

6.2133 53.8609 13.1703
6.98037 54.2683 13.0383
6.77108 54.429 13.1637

97.9362 69.0959 94.4795
97.6323 69.2741 94.8555
98.4356 69.2796 94.2039

60.477 25.3228 75.356
60.7707 25.3835 74.8958
60.8974 24.5903 75.318

46.138 1.55988 46.9528
45.7631 1.54547 46.6501
45.7139 0.908343 46.7126

88.2271 17.8587 46.2853
88.3044 18.4655 46.5333
88.0588 17.8698 46.3

12.5795 74.9616 54.8904
13.2196 74.418 54.8984
12.6892 75.3742 54.6709

90.2715 56.5202 12.247
90.4912 57.4052 12.427
90.9516 57.0191 12.4692

45.4619 29.6463 11.3966
45.1832 29.7699 12.148
45.7317 29.1114 11.7241

26.8092 18.8732 52.6512
26.1724 18.7843 52.2211
26.2936 18.8527 52.3231

57.3676 90.0533 17.9976
57.8321 89.5083 17.2896
57.9455 89.9181 18.0271

74.5494 64.407 66.7484
74.0436 64.6692 65.9327
74.5702 64.522 66.5681

20.135 66.1095 24.0457
20.3221 65.6889 23.9488
20.496 65.6906 23.6003

42.2062 4.79509 50.5609
42.0105 4.54141 51.2082
42.6759 4.20586 50.535

82.6572 19.7965 58.4241
82.345 18.997 59.0818
82.5793 19.2826 59.0767

64.7205 83.1606 26.4385
65.1243 83.582 26.4807
64.6348 83.0702 26.1024

33.9776 68.34 86.6856
33.9785 68.1661 85.8767
34.5683 68.0444 86.7531

63.6224 91.0303 4.70067
63.3066 90.68 4.53581
63.5653 91.082 5.01757

11.4981 57.3388 61.9835
10.9966 56.6819 62.6673
10.8632 56.6989 62.3091

24.7994 27.0584 80.4122
24.7659 26.6977 80.3245
24.8093 27.0263 81.0373

75.5359 84.585 15.1906
75.2587 84.6912 14.7609
74.8846 84.6742 14.6474

35.6916 68.8976 59.7394
36.0344 69.1447 59.0039
35.8451 69.4819 59.8761

37.2019 92.5052 48.823
36.9837 92.2581 48.6762
37.128 92.2521 48.8008

28.0043 73.5729 54.088
27.3697 73.9328 53.7835
27.9646 73.9938 53.8271

55.7043 90.1802 77.8722
55.6826 90.5515 77.8037
55.1724 90.992 78.0824

46.2003 16.1942 65.243
46.5082 16.4694 64.9853
46.0469 16.2236 65.0703

24.71 67.0928 94.4924
24.2018 67.6488 94.402
24.9842 67.3108 94.5262

37.8729 24.7835 98.4319
37.4935 25.2436 97.5902
38.1456 24.887 98.1151

66.1906 43.6291 40.9723
66.6956 42.8717 40.6461
66.6455 43.5625 40.0343

99.1978 3.69296 96.0735
99.6873 4.06827 96.32
99.6723 3.78549 95.6967

75.9831 43.2477 3.57299
75.5871 42.9154 4.00438
75.9913 43.0032 3.92573

80.1209 76.6178 3.63505
80.1413 76.6161 3.67233
80.106 76.9798 3.67459

99.1332 52.6946 30.0603
98.3273 52.4536 30.4929
98.3582 53.2918 29.9154

54.6165 40.4683 34.1588
54.4804 40.2732 33.9296
54.5082 40.7103 34.243

26.2631 94.6458 91.038
26.1852 94.639 90.5666
26.4848 94.4496 90.9333

79.7713 18.33 60.9665
80.0209 18.8768 61.3727
79.3607 18.366 60.6253

72.6529 61.145 29.5355
73.2548 60.4084 29.4877
73.1685 60.5917 28.8622

12.794 54.461 48.121
13.2783 54.2604 48.304
12.8883 53.8869 47.5226

91.2426 24.9656 81.7048
90.4755 24.6992 82.3125
90.7659 24.7214 82.301

20.8538 83.8688 92.1541
19.9656 83.9955 92.6946
20.445 84.2399 92.6402

18.5762 48.4172 59.7239
18.6354 48.3298 58.9714
19.4599 48.2226 59.4348

98.7586 74.4725 86.4996
98.4338 74.6737 87.3429
98.361 74.6122 86.7239

64.1271 36.1849 82.1713
63.9756 35.3722 81.6521
64.5692 35.4002 82.4715

94.4374 18.7838 60.4874
95.1132 18.7745 61.2379
94.986 19.4519 60.4046

80.4703 12.3963 52.1612
79.7867 12.0386 51.5178
80.6109 12.5838 51.404

45.8128 98.2054 14.2243
45.6893 98.1576 14.413
46.298 97.3224 14.5134

23.3243 92.4121 62.0678
23.475 92.2174 62.189
23.9936 91.9581 62.59

71.3402 24.2165 95.2802
71.4078 24.674 95.2624
70.549 24.1887 95.2318

34.895 48.8081 41.9536
34.4269 49.0415 41.8806
35.0499 49.259 41.521

32.7671 30.5917 52.0005
32.6808 31.3032 52.2439
32.6377 31.1962 51.3684

25.6457 76 65.5465
25.1427 75.3446 65.0346
25.5614 76.1208 65.5226

20.3805 28.8957 44.8142
20.4529 29.2182 45.1212
19.9711 29.0535 45.315

92.6116 13.4399 79.1815
92.684 12.6911 78.9405
92.3385 13.4698 78.8013

35.5067 14.5726 41.728
35.2341 13.7721 42.0176
35.6828 14.4037 42.2383

16.2734 37.0449 45.6404
16.1618 36.9715 45.7678
15.9557 36.846 45.6009

12.8433 34.438 87.4529
13.0553 33.7907 87.5917
12.4727 34.3827 87.4248

50.1523 21.1578 74.0214
50.0617 20.3136 74.3896
50.5143 21.164 73.98

38.6018 71.2528 87.7322
38.3934 71.3777 88.0706
38.2693 71.8538 88.0103

75.0041 54.0102 84.4257
74.715 53.5149 84.6296
74.4586 53.7082 84.6017

48.9053 44.0905 3.35004
49.2717 44.4769 4.06724
49.1551 44.8218 4.31717

78.8149 86.8518 35.2507
79.3679 86.603 35.7897
79.2133 86.232 35.4343

53.2918 60.173 54.1275
53.1977 59.6643 53.5729
53.2314 59.9317 53.5736

41.6246 8.18811 71.0998
41.6037 7.98013 70.9682
41.9577 8.38541 70.8489

68.3709 74.7449 81.9326
68.7595 74.2785 82.5335
68.2973 74.7458 82.2179

24.0417 92.133 55.3093
24.3682 92.552 54.386
24.0819 92.7001 54.9798

5.19764 3.34645 5.59532
5.3924 3.03272 5.34474
5.21912 3.46298 4.89785

46.8949 44.893 23.3923
47.2679 44.1301 23.3195
46.8166 44.6931 22.6537

7.46284 48.7707 79.6039
8.12504 48.8195 79.6325
8.17308 49.1824 79.1425

68.7614 6.80841 42.9488
68.9031 7.28047 43.3941
69.1315 6.44111 43.1962

42.991 61.5766 35.2412
43.0349 61.6506 34.7329
43.8319 61.7929 34.8277

67.903 71.6532 67.3834
68.14 71.345 67.4476
67.5732 71.6253 67.8962

14.3735 96.1107 61.9702
14.6807 95.5435 61.5852
14.0271 95.686 61.2824

25.0307 37.6524 78.2686
24.5658 37.3342 77.9866
25.2446 37.743 78.5572

8.78639 9.71468 25.3336
8.4846 9.85336 25.2982
9.10348 10.4971 24.9132

35.5414 90.168 41.9802
35.5538 90.4139 42.3569
35.3374 90.1 41.717

16.4545 35.8352 39.1366
16.4401 35.9205 39.2329
16.6881 36.2555 38.4082

59.7031 70.9375 42.273
60.0732 71.2897 42.1817
59.4911 70.9572 42.3878

75.065 6.90244 93.8978
74.41 7.06283 94.2571
74.7969 6.63827 94.5165

30.4369 82.2727 5.59591
30.5461 81.8721 5.30877
30.9692 82.2267 5.67367

15.4997 31.3806 52.7625
15.9954 31.1314 52.8269
15.943 31.8671 52.3546

96.5134 2.68401 19.128
96.2178 2.98904 18.9526
96.267 2.22791 19.5862

89.2585 37.9349 14.9424
89.0651 38.087 14.2547
89.5889 38.5288 14.7097

57.8366 68.289 70.3783
57.3371 68.2597 70.4005
57.5258 68.6754 69.8902

69.5536 7.7284 95.2802
69.4641 7.62657 94.6618
68.6076 7.96645 94.8147

75.5305 62.6147 82.2912
75.0291 63.1933 81.9753
74.7335 62.7447 82.5443

64.3955 48.4053 36.4433
64.5532 48.0981 36.5189
64.5057 48.0677 36.7638

41.5228 26.4919 77.8712
41.0433 26.2468 78.5006
40.8688 27.0453 77.8004

69.9898 13.8748 7.86481
69.815 14.5221 8.34645
69.1799 13.8374 8.06864

46.7793 56.9984 12.6739
46.4201 57.4099 12.9386
46.204 57.1892 12.227

55.0237 49.307 11.21
55.2197 49.0043 10.3488
55.294 48.9578 10.4889

22.1854 4.7937 1.27226
22.8933 5.25754 1.84798
22.0162 5.11728 1.84918

54.3778 1.69977 10.6019
54.4383 2.25104 11.0937
54.542 1.69859 10.7108

42.8588 93.8143 72.2074
43.0831 94.0363 71.2539
43.0948 93.2441 71.4439

85.9107 0.466936 87.2763
85.602 1.01299 87.2905
85.7061 1.33121 87.5891

64.1797 29.0669 55.6813
64.5847 28.4947 55.6222
64.3041 29.0065 55.2811

54.3846 44.1389 33.2824
54.6084 44.0011 33.2866
54.486 44.5535 33.3295

7.39556 84.3437 6.56699
7.09953 84.9876 5.85284
7.65337 84.4194 5.62108

58.2264 11.5941 22.0881
58.6775 11.1376 21.532
58.0095 11.7149 21.7237

57.4371 58.5247 60.7198
57.9048 58.5946 60.5698
57.9614 59.0699 60.7676

49.5457 98.8895 10.9523
49.5635 98.4739 11.0627
49.7773 98.8504 10.7293

88.9441 51.4798 36.5326
89.5014 51.0599 37.121
89.1125 51.0649 36.3882

64.7756 72.5774 34.5626
65.0408 73.0703 34.5542
64.1475 72.8129 35.2788

47.1557 25.531 19.1881
46.313 25.4268 18.7013
46.6805 25.6881 18.3741

63.4409 20.969 31.2058
63.4513 20.616 30.9362
63.7988 21.3305 31.196

88.9593 96.7008 31.5142
89.8353 97.1675 30.7698
89.0203 97.1248 30.9995

97.4944 59.5962 42.0083
97.551 60.2331 41.2137
97.8605 59.6134 41.8488

30.125 48.8663 92.5661
29.6825 48.7644 92.5422
29.9927 48.8139 92.6047

26.9808 10.3687 49.491
27.2715 10.3499 49.0921
26.6877 10.7147 49.1754

84.0216 97.7872 38.2157
83.6651 97.0855 38.707
83.5908 97.6816 37.9365

33.9079 75.4107 33.1884
33.8689 75.6799 33.291
34.3589 76.01 33.5041

66.1793 44.3867 2.26909
66.8402 44.2269 2.24966
66.2214 44.0754 1.96116

76.7155 65.5566 28.4099
76.918 65.8967 28.1694
76.2481 66.1352 28.3927

77.6288 85.4165 35.733
77.4517 85.0825 36.1765
77.4688 85.3262 35.6571

80.1724 36.3911 42.8207
80.4407 36.1585 42.482
80.7187 35.8989 42.5612

78.9566 10.0223 75.2232
78.8232 9.80248 75.0805
79.1823 10.1924 75.6273

84.0232 75.5798 3.48566
84.129 75.386 3.84671
83.5555 74.7489 3.49351

59.9902 78.2815 90.0375
59.3266 78.0746 90.135
60.0822 78.5111 90.5055

36.2719 23.2348 67.7506
36.0894 23.0788 68.5041
36.1197 22.548 68.4876

96.3783 77.6196 75.0829
95.8729 77.2169 74.8667
95.7817 77.0714 74.5596

28.1592 41.991 86.3824
28.6906 42.351 85.6081
28.3727 41.9817 86.4961

87.6945 80.0796 63.484
87.6542 80.0449 63.2601
87.4035 79.858 63.0379

46.1119 37.2859 76.5224
46.4904 37.5659 75.9429
46.355 37.0068 76.3098

18.0247 28.7015 51.0488
17.9255 28.5787 50.8548
18.5584 28.4322 51.1394

55.6828 47.4267 20.5732
56.0706 47.8909 20.9439
55.8336 48.0407 20.5312

31.8324 18.7418 9.63125
31.6123 18.9219 9.91173
31.1192 19.1149 9.84663

87.5318 5.07437 42.549
87.4871 4.63509 43.0276
87.6922 4.80599 43.0687

97.4086 6.38304 12.5951
97.6346 6.69724 12.7786
97.7279 6.42436 12.355

33.3901 93.0822 29.0497
34.0068 92.9608 29.0931
33.4356 92.5101 28.8634

16.4581 87.4138 39.0216
16.0722 87.3915 39.0822
16.1916 87.008 38.4646

23.9447 3.26731 3.07178
24.4791 2.6044 3.00247
23.7701 2.62332 2.9471

26.6783 94.1343 15.2412
26.7325 94.2932 15.1183
27.1177 95.025 15.7049

87.3951 25.6458 55.1081
86.7251 25.8856 55.1314
86.7515 25.0835 55.0904

62.2499 88.7499 1.17166
62.5753 88.0139 1.12236
62.724 88.5619 1.13755

0.882019 32.4687 46.2601
0.866934 32.3432 46.5119
1.41621 32.1653 46.229

66.4919 16.2723 29.6886
66.2044 16.901 29.5759
66.2129 16.9105 29.4865

46.8165 31.7466 41.9943
46.106 31.7514 42.3191
46.5696 31.1545 42.6314

85.8406 59.1566 96.9171
86.179 58.824 96.078
85.4743 59.2448 96.4175

57.0731 75.2338 44.6348
56.3212 74.6992 44.9475
56.7439 74.4389 44.7437

71.5689 13.2029 33.6278
72.3513 13.065 33.22
72.3204 13.5485 33.7495

91.1843 78.8447 85.3124
91.6627 78.412 85.0633
92.1093 78.3169 84.9561

40.5903 52.5351 47.7417
41.1235 53.2561 47.8688
40.4577 52.4472 47.4886

55.2537 99.0237 80.299
54.9138 98.9442 80.0863
54.7708 99.0035 79.9907

67.5747 45.0654 92.6024
66.693 45.474 93.132
67.1694 45.6194 93.2373

7.50712 66.7747 77.0217
6.8284 66.3259 77.0125
7.63174 67.0077 76.9458

65.8482 25.7427 56.448
66.3087 25.4162 56.8988
66.2409 25.3152 56.3339

91.9027 4.90679 20.7862
91.8465 4.97485 21.4538
91.6165 4.74433 21.1343

25.8101 46.5107 77.586
26.5217 46.1736 77.8414
26.087 46.3927 77.2957

79.3209 91.7839 52.8067
78.6853 91.7046 52.8508
78.8932 91.4637 52.3887

49.118 91.0834 73.6304
49.663 91.3438 74.0965
49.4397 91.3823 74.4568

36.8643 44.1134 95.9991
37.2643 43.9073 95.9208
36.7921 43.6305 96.4543

79.3261 36.104 12.1264
79.4627 35.5966 12.0425
79.2053 35.9538 12.4315

39.9008 40.2325 29.3698
39.8452 40.6017 28.8078
39.8127 40.9165 28.5612

10.0325 48.5802 71.6161
10.6975 48.3774 70.9742
9.81665 48.7735 71.6278

34.9489 45.4744 14.6853
34.5864 44.8675 14.0908
34.8732 44.8448 14.1753

49.8615 2.82178 58.6514
49.0276 1.92079 59.1348
49.7411 2.1513 58.8608

76.414 13.3721 8.92357
76.4097 13.7191 9.37556
76.5515 13.3146 9.10277

89.5934 32.8867 30.9916
88.7286 32.3812 31.0109
89.3174 32.2884 30.9195

3.5835 31.6247 34.4439
3.15026 32.3955 34.5774
3.2403 32.5083 34.7256

53.8943 9.96104 35.8029
53.0828 9.85647 36.1266
53.3918 9.80256 35.9701

89.4051 27.6863 94.5353
89.7396 27.7137 94.8537
89.0817 27.5818 94.9588

57.953 27.5987 49.7207
57.8149 27.1331 49.8179
58.172 27.1287 50.1653

96.0672 50.4904 17.5191
95.6821 51.3902 17.7893
95.635 50.716 17.7295

49.5473 88.8896 53.863
50.1688 88.472 54.1338
49.6662 88.7681 53.9295

61.73 92.2797 76.5812
61.6605 92.2427 77.0911
61.8338 91.9771 77.0943

66.6837 49.2599 51.6658
67.2563 48.7603 51.5547
66.7966 48.777 51.4458

78.8351 93.8445 99.427
79.2776 94.466 99.3546
79.0502 94.6705 98.7974

74.8147 4.66731 54.3778
75.4261 4.33783 53.8674
74.9405 4.64073 54.6592

23.5455 20.4968 25.9276
23.0686 20.2887 25.8747
23.0652 20.7274 25.9573

15.3818 72.4974 29.7949
15.5184 72.2494 29.8384
15.0608 72.6097 30.1903

20.4016 47.1183 62.8578
20.3657 46.3474 62.0586
20.6218 46.2085 62.6752

16.4822 43.0516 17.4983
16.077 43.1985 18.2268
16.3758 43.0392 17.609

76.5482 76.7548 27.3613
77.1511 76.9571 26.8277
76.7764 77.3315 26.7801

20.442 21.3199 36.3979
20.2101 21.4796 36.8246
20.3866 21.1515 36.632

32.0101 89.5738 59.2472
32.1444 89.3468 59.0196
32.4131 89.3708 59.3117

24.3328 88.2075 94.7019
24.5148 88.4104 93.9091
23.8784 88.7647 94.711

42.0668 81.443 78.4192
42.7071 81.7656 78.3193
42.3016 81.8403 78.7849

87.1118 72.1487 2.81529
87.5658 72.3898 2.70484
87.5141 72.8604 2.84668

26.1035 56.892 66.1247
25.9298 56.3143 65.9461
26.7176 56.5695 66.0664

32.3836 16.2848 74.3161
32.1706 16.1643 75.0428
32.1961 16.2057 74.2472

74.4394 6.85514 64.1447
73.7589 7.11593 63.7134
74.4232 6.40111 64.2984

26.9232 16.4197 72.2017
27.2283 16.7403 71.3596
26.9762 16.3823 72.0076

77.0761 46.0676 32.0879
77.2729 45.8102 32.152
76.9152 45.7305 31.6598

16.1899 81.2367 22.4957
16.9021 81.5041 22.6609
16.6214 80.9563 22.7255

70.2581 19.9227 89.3307
70.0458 19.6935 88.7868
70.361 19.4567 88.6975

82.7429 19.9348 93.5942
82.1988 20.0954 93.4075
82.4232 19.3832 93.1249

72.8932 25.1072 3.35706
73.4011 24.8084 3.55124
73.2941 24.6494 3.25065

50.2739 13.3581 82.2295
49.5608 14.186 82.4228
49.501 13.9621 82.2183

61.9469 90.8582 1.08302
61.9913 90.5927 1.32689
61.0205 90.7706 1.29008

47.9637 96.4256 12.8838
48.3234 95.9246 13.0179
48.1533 96.7999 13.096

39.8926 8.47987 74.4268
39.9448 9.09607 74.3408
39.9532 9.03933 74.7112

96.0977 73.3575 81.1605
96.5571 72.8405 81.129
95.6809 72.9838 81.6763

67.2244 87.3051 66.2664
67.0658 87.7014 66.3501
66.8133 87.3545 66.5364

45.974 96.4527 65.4862
45.6879 96.4187 65.2196
45.5067 95.8809 65.9699

43.4766 3.14369 12.3941
43.0939 3.81831 12.2738
43.7573 3.25622 12.4865

36.6358 46.8535 20.0998
37.4908 47.3098 20.0672
37.1482 47.1096 19.7483

94.5265 26.8316 75.7093
95.4133 26.2657 75.7403
94.5335 26.7697 75.8167

59.8024 65.4755 72.5668
59.3917 65.8452 72.0351
59.5901 65.8836 72.5301

22.3288 73.8598 82.4867
22.4377 73.8137 82.7517
22.1937 73.9041 82.3492

37.6113 31.6398 46.8088
37.584 31.234 47.4657
38.3078 32.2049 46.9073

87.65 53.5636 91.6678
87.5261 53.7826 91.4109
88.3534 53.4295 91.7048

54.4064 91.3422 5.60279
54.8475 91.7193 5.91822
54.3202 90.9928 5.33104

31.805 32.661 12.5955
30.9119 32.5437 13.1336
30.83 32.8074 13.4301

76.4767 58.264 45.5898
76.2815 57.8096 45.5081
76.3342 58.1988 45.9382

52.6029 31.8149 77.328
52.722 32.1263 76.655
52.8482 32.103 76.9518

58.1016 98.9834 65.0971
58.0403 98.7531 65.6801
58.4945 98.0337 65.2301

24.1808 12.8738 33.3323
24.146 13.4027 32.6474
23.9185 12.638 33.2656

36.4167 38.8807 67.5146
35.8937 38.4653 67.5044
36.5502 38.6921 67.496

77.2621 83.7478 32.5386
77.4949 83.9843 32.666
76.8234 83.7558 32.9315

83.4431 21.0735 55.4427
83.1896 20.4359 55.8267
82.8657 20.9783 55.6912

96.2251 63.5878 28.8167
95.7888 63.3636 28.658
96.1138 63.8222 28.119

78.9115 24.102 95.1671
78.6711 23.9351 95.3728
79.2253 23.8967 95.0876

18.5674 75.7366 41.9748
19.3997 75.7032 42.614
18.6811 76.2418 42.9291

22.2761 74.9564 9.38584
22.5356 75.7505 9.62666
22.4926 75.0389 8.88731

66.2063 31.9242 23.3652
66.5527 31.1102 23.1287
65.9763 31.264 23.2764

11.7294 24.4007 32.0567
11.7268 24.6255 31.812
11.8152 24.6488 31.9946

51.5221 4.2162 87.4319
51.6614 4.88195 87.7451
51.8945 4.17928 87.6605

5.6485 88.7038 47.9412
5.84826 87.8143 48.1826
6.1623 88.6071 47.6914

58.5948 64.592 22.3471
58.4997 64.1084 21.3869
58.3814 64.5035 21.6664

24.8959 96.9323 23.992
24.2713 96.9883 23.8784
24.7482 97.0962 23.832

28.8532 21.7005 38.2814
29.3355 21.2892 38.9286
29.5514 21.6002 38.4543

93.3333 93.909 46.0553
92.6254 94.1533 46.0269
92.8629 94.8577 45.766

94.9288 7.98447 39.8355
95.249 8.27327 40.0463
94.6332 7.53547 39.8789

26.6543 92.6073 76.4317
27.0683 92.5405 76.3798
26.5245 92.4863 76.4255

91.8215 0.859386 78.295
91.4257 0.815009 78.3692
91.825 1.13714 78.0002

9.57205 39.9612 40.4322
9.91778 40.2288 40.3586
9.68477 40.3848 40.2455

22.021 41.9668 22.5512
21.514 41.8864 22.555
22.297 41.671 22.0344

71.5043 53.65 89.9377
70.987 53.7406 89.3371
71.3895 53.3444 89.7629

4.30343 96.7829 17.6112
4.70125 96.9986 18.0306
3.9191 96.6617 18.4761

14.8146 72.1483 25.8612
15.2815 71.8649 26.3998
15.1833 72.4331 25.7267

16.3949 99.1399 68.9909
16.879 99.1778 68.9616
17.0566 98.7267 68.6487

90.4845 97.5464 27.7231
90.3765 97.6947 27.4452
90.6336 97.8305 27.1064

91.2314 4.01956 59.8042
90.5037 4.18293 59.801
91.1934 4.40452 60.2513

52.8014 62.9117 48.0257
53.1701 62.8221 48.0095
53.4416 63.1789 48.1579

68.6142 3.4774 94.0172
68.835 3.39026 94.0524
68.4336 3.24859 94.592

60.9576 43.5744 65.5357
60.9492 44.1056 65.166
61.4291 43.3183 65.6796

14.9121 58.1746 15.6354
14.5613 57.8651 15.6651
14.5071 58.1153 15.2008

61.2419 84.869 93.6442
62.195 84.4831 94.0817
61.8511 84.6387 94.3396

22.3789 83.0848 73.478
22.1035 83.2289 73.0612
22.252 82.8738 73.4974

23.4765 54.7253 87.6498
23.9713 54.3435 87.4978
23.9147 54.3753 87.4154

87.96 41.6123 55.3951
87.9057 41.834 55.2297
87.6404 42.2667 55.6914

98.0758 86.5345 14.901
97.8318 86.7697 15.4459
98.7145 86.964 15.2307

20.6795 30.2914 13.4361
20.7048 30.1741 13.8558
21.2619 29.7447 12.9165

14.0963 89.1042 32.4776
14.637 89.0917 33.3499
14.7835 89.3991 32.528

30.3024 50.7206 50.2367
31.0293 50.9263 50.5333
30.1594 51.2397 50.4623

66.7328 31.0527 15.5008
66.7781 31.1929 15.3993
66.1057 31.4121 15.5488

7.67625 32.5592 71.3076
6.76928 32.8628 71.8154
7.27557 33.1085 71.2691

68.9803 75.582 78.3835
69.3198 75.2495 77.6951
69.471 74.9016 77.9024

13.4522 87.453 61.9054
13.0337 87.5206 62.232
13.7524 87.5032 62.4649

3.21543 3.08192 28.3796
3.34002 2.77762 29.1344
3.12413 2.88372 28.9918

36.2639 85.0193 20.703
36.5398 85.1495 20.5773
36.1632 84.7117 20.4765

51.5022 28.5742 12.2069
52.2517 28.5996 12.2319
51.5377 29.2959 12.8388

14.8284 68.8098 1.05387
14.5087 69.1718 0.908093
14.714 68.6023 1.35904

23.3424 78.9191 30.2896
23.4981 79.439 30.5767
23.6207 79.4754 30.7262

83.861 46.8624 6.51111
83.5648 47.0025 6.20316
83.5713 46.9655 6.50016

6.27749 28.4732 57.65
5.9978 28.704 57.4459
6.29926 29.1914 57.5716

79.3367 49.3842 23.9047
79.2181 49.2218 23.3726
79.2745 49.1564 23.9124

38.9635 66.9044 59.8193
39.8802 66.9645 60.1056
39.4558 67.2939 60.2404

17.5039 75.0336 4.00386
17.0905 75.8296 3.50004
17.3228 75.3576 3.76188

36.8346 83.6181 74.2461
36.7565 84.0115 73.9187
36.3583 84.0246 74.2363

51.0265 63.8681 15.1044
51.6922 64.0385 14.8612
51.7238 64.6699 14.9693

62.1512 17.339 61.432
62.7938 17.7035 62.2735
62.536 17.4502 61.5809

17.3969 40.1636 89.8903
17.1633 39.6786 89.5339
17.3072 39.7244 89.6829

38.5746 93.9064 72.7162
38.2905 93.5341 72.8851
37.9105 93.5426 72.5043

37.4453 96.5999 44.7564
37.6462 96.7694 45.1554
37.548 96.3877 44.8246

98.0096 53.3047 43.5343
98.4178 53.6844 43.4759
98.1455 53.6719 43.1606

6.96252 14.0257 60.5092
6.42907 14.4012 60.4812
6.87933 13.6703 59.8465

1.17266 57.8899 79.6536
1.42149 57.8774 79.1913
0.854529 57.1242 79.2577

92.6492 83.018 99.2657
92.9387 83.0791 99.4027
92.5406 82.9876 98.8631

34.8261 56.1991 86.6411
35.0863 56.205 86.2163
34.8813 56.7905 86.1633

25.2365 80.7452 42.9015
24.7888 80.6756 42.7378
24.7871 81.2108 42.9569

71.1556 37.6628 93.5996
71.185 37.0121 94.1634
71.0504 37.2563 93.5524

15.5456 88.9752 48.0359
15.0382 89.2227 47.8507
15.4654 88.9561 47.9329

22.8471 46.5516 37.5989
22.511 46.2675 36.9713
22.4551 46.5523 36.7701

40.6688 6.32812 24.1581
40.7544 6.47812 24.0549
41.2349 6.17375 24.251

13.6179 28.1121 16.8369
13.9758 27.3361 17.2996
13.3463 28.005 17.0463

5.88245 11.8963 2.29253
5.97193 12.306 2.35402
6.20959 12.4123 1.59505

30.8972 10.7671 45.7166
30.6201 10.9005 45.9916
30.7867 10.3097 45.8821

7.17212 8.45118 82.0723
6.72507 8.50709 82.1885
6.74053 8.85363 81.5816

19.937 6.60134 91.7506
20.0023 5.90505 91.8515
20.4586 6.73553 91.6249

9.80792 41.7767 61.174
9.51632 41.8404 60.2571
9.3392 41.7104 60.4779

5.26174 50.1524 50.1443
5.37732 49.3536 50.2035
5.29573 49.3789 50.9365

62.8655 25.8114 95.603
62.5673 25.9013 95.0236
63.1759 25.8091 95.1642

79.2864 41.793 59.0647
78.5149 41.8384 58.5618
79.0201 41.6063 58.4974

66.4537 54.737 23.5042
66.3744 55.3664 23.7568
66.3317 54.9242 23.5564

55.5411 79.6733 33.5109
54.9268 79.4661 33.9244
55.5167 79.2666 33.7771

43.9332 29.3876 30.5351
44.0299 29.0502 30.0845
44.2634 28.9006 30.4357

33.1094 11.417 84.1125
32.5571 10.9699 83.9105
32.8942 10.768 84.5768

88.7405 36.7761 31.0126
89.1412 37.2138 31.3012
88.4399 36.8128 31.1239

10.8987 87.5375 16.7089
10.7639 86.8621 16.8158
10.6096 86.8348 16.6512

71.4677 52.0487 82.191
71.3162 51.9407 82.5611
70.6237 52.3806 82.7047

61.6694 45.4173 11.3168
61.3477 45.5212 11.1929
61.5114 45.139 11.9982

81.1408 78.9927 10.3941
81.5826 79.7056 10.917
81.4126 79.6006 10.1974

70.3786 47.7295 18.723
70.9086 47.3476 18.1757
71.02 47.8213 18.7678

3.10823 76.4981 53.7151
3.08127 77.3135 53.5117
3.18418 76.7352 53.6371

47.5894 19.5171 60.5209
47.5982 19.227 60.9977
47.7793 19.3234 60.5255

19.27 31.1756 48.7936
19.1081 31.205 49.5655
19.6421 31.4022 49.6531

65.2643 45.1618 86.7179
65.034 44.6404 86.9061
65.6419 44.8474 86.7879

2.73939 61.7395 85.7265
2.08515 61.9297 86.0409
2.57689 62.3661 86.093

78.4932 91.9504 98.9175
78.4642 91.6066 99.3664
78.3381 91.9071 99.0884

70.6805 75.3645 64.0664
70.9491 75.3837 64.6898
70.8095 75.2209 64.7102

77.5953 47.093 90.501
77.5102 47.8791 90.4224
77.5066 47.5485 90.1523

82.3695 24.9778 58.9807
82.8154 24.6908 58.7376
82.462 24.7906 59.1725

69.3953 93.2496 91.8484
69.0933 94.0269 92.3226
70.0018 93.667 92.4714

53.1566 14.7078 77.0816
53.3634 14.5343 77.3262
53.9564 14.0847 77.0851

9.33953 7.26174 85.0162
9.81094 6.95892 84.9565
9.73651 7.33374 85.1256

74.0252 85.3752 47.7762
73.865 84.912 47.9178
73.6398 84.9257 48.6107

42.4336 60.4374 42.3087
42.8163 60.5305 42.3749
42.6707 60.6599 42.084

70.8656 24.8367 67.1675
71.401 24.58 67.0214
70.8829 25.0144 66.8567

16.9227 22.2048 52.0147
16.8257 22.6329 51.621
17.2481 22.6847 52.0407

20.0305 18.7803 43.7074
19.2981 18.4953 43.9505
19.9719 18.5767 43.72

15.2616 88.7858 60.7922
15.4058 87.953 61.0137
14.9221 88.3301 60.2843

2.61044 80.697 74.4079
2.53839 80.8917 74.5928
2.97904 80.6448 74.0666

97.401 47.7896 34.7241
97.4966 47.9392 34.611
97.105 48.3976 34.5966

56.4208 38.735 63.5018
56.4687 38.756 64.3117
56.2153 38.2853 63.8242

63.2105 51.1695 20.3726
63.3662 51.1503 19.8535
63.7108 51.457 20.029

43.7224 10.0406 63.867
43.2095 10.607 64.2532
42.8492 9.9508 63.7583

22.9822 41.4189 84.2323
23.4742 41.0541 83.745
23.6733 41.3714 84.1556

56.1396 97.478 21.8918
55.4555 96.9103 20.9921
56.0963 96.844 21.1031

8.94459 58.1479 79.8908
8.26019 58.3779 79.3036
8.10196 57.5875 79.8546

94.051 78.1357 96.5036
93.8716 77.6957 96.4802
94.0835 78.3961 96.2744

29.8976 95.6053 47.2339
30.0189 95.6867 46.8148
29.8176 95.5785 47.4562

5.13451 79.7567 72.5282
4.9182 79.7031 72.3106
4.8882 79.0595 71.9935

51.345 32.9839 51.3001
50.5893 32.2827 51.2596
51.0601 32.5919 50.8761

30.7179 75.5624 72.661
30.571 74.6114 72.4581
30.2955 74.8931 73.3043

89.5583 37.892 75.7862
89.8289 38.401 75.1122
89.3425 38.3601 75.827

72.2662 9.22393 95.3076
72.299 8.52899 95.0609
73.0298 9.04577 95.0434

22.9949 94.2358 5.31828
22.9586 95.1355 5.69685
22.715 94.6229 5.11079

96.4018 19.3681 8.74572
96.348 19.0966 7.83121
96.3078 19.2414 8.59093

39.2131 51.2709 86.6462
39.2316 51.4996 86.5976
39.2817 51.8459 86.6433

85.7071 30.7625 39.9143
85.8629 30.7342 39.1052
85.9415 30.9372 39.5678

79.6965 69.8325 66.5749
79.5023 69.2243 67.0886
79.373 69.6521 67.5106

96.5404 7.71995 59.4741
96.9897 7.5796 59.7811
96.3845 7.18106 59.1544

4.70443 78.5334 61.2484
5.18571 78.3299 61.9457
4.8581 78.1725 61.752

23.2737 90.5692 86.2874
23.2177 90.5406 86.3597
22.8125 90.9155 85.9283

87.9007 60.2556 56.1966
87.1727 60.3025 55.9836
87.7897 60.368 55.6064

83.1459 48.0889 42.3181
82.8145 48.3164 42.2286
82.6811 48.0659 41.6583

71.8413 37.1211 42.15
71.9746 37.0011 42.7503
72.5363 36.7799 42.5699

57.775 36.2828 48.535
57.7762 37.1156 49.0137
57.1968 36.8107 48.7116

6.26356 91.7852 51.666
6.28627 92.508 52.0344
5.71 91.7955 51.6909

29.3953 58.6774 74.9394
30.0149 58.2513 75.3055
29.501 58.2037 75.3395

61.8651 5.31634 34.4105
61.4596 5.37304 34.3361
61.9795 5.02279 34.4919

82.1157 80.3455 85.1998
82.3354 79.6415 85.7867
82.0916 79.7375 85.3562

44.0515 0.845081 32.7259
43.5232 1.46477 32.7753
43.8617 0.981081 33.1989

58.2694 45.1319 37.6717
58.2512 45.9574 37.4742
58.1115 45.3461 37.3729

28.5004 90.1873 40.4183
27.6832 90.6235 40.4248
28.0095 90.4973 40.6329

81.8224 92.5199 72.7918
81.7175 92.1044 73.2468
82.093 92.5147 73.3326

7.41289 99.1853 53.3699
7.61952 99.4642 53.2781
8.0208 99.3564 52.5509

67.5882 50.1987 71.6367
67.4948 50.0222 71.5651
67.2293 49.3173 72.1775

10.2401 21.3756 4.70225
9.85956 21.4466 4.70158
10.3903 20.8256 4.95336

60.8866 80.9243 43.4153
60.8982 80.6032 42.9133
60.6187 80.9805 42.8126

38.8131 13.6612 97.3192
38.6572 13.7582 96.5273
38.6982 14.389 97.301

15.7193 14.0602 80.9712
15.6186 13.6717 81.7806
15.0485 14.022 81.5769

97.3727 23.8223 13.0576
97.6228 24.2082 12.194
97.5959 23.8257 12.3488

54.7085 77.983 51.6533
54.6812 78.1337 51.7861
54.4987 77.9319 51.6997

57.4054 92.5047 97.0672
57.0523 92.4849 96.3046
57.1744 92.8159 96.6245

17.0721 94.9092 11.3582
17.3379 94.4543 11.143
16.8556 95.1984 11.4303

46.9777 50.9136 93.6155
46.4245 51.4891 93.5492
46.3964 50.9153 93.6104

26.4502 12.4771 22.0159
26.8548 12.6467 21.9694
26.9652 12.9273 21.4772

29.9158 31.5123 11.0875
29.4215 31.9767 10.6013
30.3653 31.9743 10.6494

14.6053 28.9141 8.59287
14.7804 29.1778 8.71569
14.9968 28.5262 9.03357

24.45 7.50485 7.11164
24.5001 6.80183 6.42612
24.603 7.31715 6.80471

82.8446 76.2834 36.6026
83.3064 76.4283 36.8876
83.3918 75.6871 36.5888

92.2952 56.2008 16.2521
92.8712 56.4399 16.3186
92.9346 56.2213 16.2484

66.0791 6.71929 69.3216
65.6037 7.5536 69.0848
65.9713 6.80154 69.8128

90.07 79.2221 80.3395
90.2645 79.1525 79.905
90.4238 79.3409 80.1207

23.0957 47.0862 17.2211
22.5647 47.7456 17.2889
23.2605 47.5509 17.2912

36.9431 10.1949 31.3772
36.8722 10.1007 31.1715
36.6743 9.49968 31.7609

23.8538 68.8235 29.8021
23.5688 69.049 30.2746
23.7386 68.8137 30.575

2.85788 66.68 73.9506
3.33417 67.0474 74.0456
2.6471 66.616 73.8381

68.6457 3.36337 9.36469
68.4269 3.59691 10.0554
68.7278 3.32974 9.49894

96.2374 74.0813 98.763
96.0195 74.1051 98.4305
96.7614 74.603 99.0275

47.62 85.0988 65.1339
48.0144 85.7833 65.1645
48.1071 85.6596 65.4949

75.7877 36.3063 11.6908
76.1119 36.2739 11.4354
76.1052 36.7232 11.7978

38.5236 96.9878 90.2718
38.2152 96.468 90.13
38.8712 96.5501 90.2751

1.76716 97.7822 61.7916
2.31716 97.5413 62.155
2.4311 98.181 61.4769

31.1276 91.3508 29.9067
31.6453 90.7351 29.8769
31.5491 91.214 30.8203

67.0988 90.3085 38.2624
66.8899 90.324 38.2446
67.5108 90.559 37.7958

6.63012 76.5939 72.6476
6.64235 76.9036 72.5615
5.94403 76.3687 72.4326

10.4169 42.2387 71.4827
10.3709 42.9133 71.3875
10.7484 42.2338 71.1189

32.8048 41.4228 83.4583
33.2214 41.4822 83.2253
32.9484 42.2319 82.8912

2.12995 72.1182 22.9635
1.59203 72.2223 22.387
2.30951 71.3369 22.6972

24.1273 7.59373 38.7417
24.2153 7.92312 38.1586
24.0501 7.11788 38.3081

33.9523 65.6563 46.4351
33.2019 64.6717 46.1556
33.4271 65.2781 46.9398

5.89336 67.9572 81.6368
6.29303 68.1949 81.7083
6.6774 67.7892 81.226

62.2222 97.71 25.5784
62.4781 98.0437 26.2316
61.9429 97.961 26.2232

86.3118 91.0694 94.4949
87.2399 91.1274 94.1767
87.0563 91.275 94.6443

57.8113 7.0931 41.9768
58.2197 6.71426 41.9587
57.475 6.4419 41.4577

43.0262 33.0047 3.7481
42.9681 32.8764 3.66487
42.9169 32.892 2.9737

82.6332 60.2394 37.7545
83.3447 60.8186 37.8161
82.7614 60.2885 37.8093

91.933 29.3462 55.9374
92.1303 29.777 55.263
92.1603 29.1581 56.0369

62.4897 56.3276 63.9606
62.4952 56.1615 64.5654
62.8676 56.2392 63.9302

58.8847 53.5163 22.1844
58.8263 53.4386 22.4765
58.3823 53.0593 21.9022

92.5533 10.858 20.8314
92.5507 10.4859 20.392
93.1937 10.8105 21.2243

10.0445 23.7839 50.0113
10.3182 23.3733 50.5444
10.5359 22.9111 50.2835

13.2547 54.0271 18.2947
13.6042 53.9604 18.3948
13.8101 54.1172 18.3429

5.59805 81.7565 9.54503
6.43448 81.8579 8.77585
5.93716 81.8682 8.70921

64.3548 1.74829 67.4619
64.8735 1.8816 67.0018
64.0536 1.93863 67.5771

58.2184 11.7126 35.4943
58.7289 11.7686 36.3139
58.8153 11.8286 35.9307

73.4994 72.982 18.5509
72.6507 73.6277 18.5633
73.3247 73.0532 18.0775

51.3308 15.1663 8.78629
51.1806 15.7529 8.89729
51.5388 14.9017 8.62072

2.51192 66.6926 39.7517
1.97198 66.4254 40.4875
2.1502 66.3762 39.6225

40.4101 20.8505 88.2045
40.8435 20.3611 88.3549
40.9243 20.1461 88.6297

62.2501 90.7017 38.2814
61.8698 90.7184 37.9509
62.269 90.5783 38.3661

77.7011 10.1729 62.6543
77.8104 10.5778 62.855
77.7004 9.90185 62.8318

83.9496 8.97032 39.187
84.471 8.59386 39.0941
84.8537 8.11374 38.9942

39.1236 20.7965 38.3257
39.6012 20.5737 38.4225
39.2267 20.3253 39.0174

27.9647 13.8598 84.7081
27.8665 13.7069 84.7894
28.2556 13.8005 84.7089

16.3561 43.7563 72.2308
15.8248 44.1469 72.4333
16.2103 43.5999 72.1747

73.5464 21.5011 24.9845
74.4004 20.7815 25.1155
74.2542 20.9869 24.9975

88.0018 36.3577 25.7605
88.1805 35.5156 26.1981
87.9021 36.242 26.6334

83.1318 93.0287 77.3532
82.8603 92.7716 77.5627
83.1074 92.7734 77.3282

31.8147 12.2751 8.31243
31.3451 12.1625 8.67104
31.6045 12.3091 8.52603

82.7054 18.488 55.5852
82.6602 18.3195 55.5197
82.441 19.1381 56.0349

14.9342 42.6438 0.798965
14.9688 42.9555 0.914619
15.0494 42.9156 0.739918

85.9896 98.257 91.7515
85.5352 98.0888 91.9359
86.0937 98.4402 91.1672

94.7761 22.5374 25.534
95.5234 22.6841 25.9625
95.5288 23.0998 26.1853

20.9534 32.9601 32.857
21.1596 32.823 32.842
21.0785 32.3766 32.577

48.9547 36.7646 10.4205
49.1486 37.7201 10.645
49.4051 36.9078 10.9565

4.63936 10.6361 2.61874
4.42851 10.8418 1.94303
4.75214 11.4284 1.79832

53.6086 62.9722 78.1925
54.1468 63.4621 78.5636
54.2519 62.9146 78.5923

1.02902 93.216 44.6755
1.5883 93.2567 44.7825
1.60575 92.8638 44.8299

72.5807 87.7248 3.2857
71.6516 87.2629 2.91831
72.4408 87.6042 3.26265

85.4834 35.8664 67.8329
85.9443 35.8742 67.766
85.3893 36.1297 67.602

81.2713 41.993 60.2957
81.0426 42.7166 61.1758
81.067 42.6559 60.7757

20.4299 92.5068 70.4644
20.2711 92.3673 70.8232
19.9466 92.6599 71.1666

17.403 63.5203 24.8585
18.1344 63.3358 24.2801
17.7425 62.8751 24.534

50.1604 50.0573 50.1507
49.7323 49.2566 50.0778
50.4422 49.9528 49.8043

94.0223 26.732 65.8579
93.9136 26.9071 65.4911
94.1562 26.9776 65.3229

47.8524 52.9483 65.3601
47.3772 52.4502 64.8573
47.8795 52.924 64.6896

19.6471 95.4402 20.6776
19.7199 95.385 19.9428
19.3797 94.8777 20.4209

81.3004 53.0181 32.0875
81.3049 53.4939 32.6129
80.9566 53.2406 32.5482

48.1848 65.2189 94.4236
48.3527 65.4119 94.3804
47.5522 64.9512 94.0929

11.0645 76.5302 18.4215
11.7351 77.3414 18.9554
11.0587 77.3254 18.1159

34.8323 82.446 65.7077
34.3402 82.9245 66.3622
34.2853 82.7386 65.7905

22.2547 74.448 75.1828
22.7802 73.5567 74.9554
22.9629 73.8579 74.9998

8.69801 30.8737 58.1827
8.72499 31.2163 58.0107
8.38824 31.1315 58.4789

67.8289 28.572 66.3663
67.9579 28.7964 66.1089
67.7081 28.8339 66.033

17.8717 47.2579 12.9681
17.5994 47.3362 13.2739
17.1829 47.281 12.875

59.1998 22.2153 30.9702
58.9192 21.8966 31.2522
58.5852 22.2785 30.9025

65.4514 42.76 97.6132
65.545 42.9319 97.0884
64.6713 42.7871 97.3092

50.0211 29.7881 87.6673
50.3884 29.3775 87.8831
50.6996 30.2181 87.734

12.1723 45.4947 72.6183
12.2746 45.1475 72.0433
12.2516 44.9698 72.7294

54.1458 7.00833 60.7346
53.7309 7.51088 61.0308
53.6151 7.77957 60.4934

50.3063 51.8585 13.3348
49.5012 51.9757 13.7875
50.2283 51.5451 13.4662

40.7376 82.0903 49.1586
40.4899 81.6281 49.2283
41.1001 82.5302 49.3402

16.4924 40.3871 43.8605
16.5747 39.8868 44.3796
16.7091 39.7304 43.8459

2.70486 16.1015 88.3205
2.86339 15.5082 89.145
2.35344 15.9811 88.618

79.1674 3.19246 35.1968
78.9928 2.35119 35.597
79.4326 3.12957 35.3686

10.4495 65.6592 70.9881
9.75773 65.6815 71.1415
9.64941 65.1836 71.0604

18.1087 83.8216 21.9483
18.4507 83.6162 21.9719
18.8035 83.1242 22.8308

1.8507 62.1153 91.7978
1.28825 62.2114 91.4544
1.99698 62.1495 91.1061

64.7434 67.8427 70.0108
64.6393 68.0251 69.8475
64.8608 67.0763 69.8349

76.2364 43.9308 48.3352
76.1389 43.9426 47.9587
76.0589 44.6205 48.3553

34.7651 99.1158 28.7502
34.7894 98.7634 28.4273
34.4878 98.388 28.2423

31.0801 60.7129 20.3911
31.7787 60.4749 20.8329
31.2591 61.2804 21.0208

96.8182 62.3266 9.03011
96.6087 62.6705 9.02302
96.8918 62.3871 8.84004

15.9657 6.07108 23.4585
16.1717 6.38477 24.0682
16.3751 6.4096 23.4199

21.5211 55.9486 39.7087
21.4029 55.9228 40.3357
21.4844 55.2909 39.5907

82.4126 26.6612 79.0875
82.1816 26.817 79.1439
82.4153 26.3637 79.6395

10.1586 15.8807 47.2637
10.4429 16.089 47.8211
10.8408 15.9912 47.5824

4.35544 1.85721 36.362
3.55431 1.68182 36.6242
4.35203 1.45841 36.3282

8.94785 3.00486 29.6158
9.61287 3.10712 29.7751
9.08717 3.14205 29.8905

70.3596 26.5169 29.9217
69.9866 25.551 29.9316
70.3492 26.529 29.8071

3.39206 16.4015 11.3058
2.82442 16.4892 11.328
3.11652 16.7465 11.1296

17.6623 41.0152 31.1949
17.6355 40.7201 31.4529
17.9325 40.2909 31.428

82.427 28.192 49.3584
82.8353 28.2186 49.5227
82.9436 27.9736 49.6616

45.9266 80.059 1.57893
46.3354 80.2371 1.98512
46.6479 80.2729 1.78785

4.81025 51.1353 21.2256
4.2947 50.9643 21.5019
4.78841 50.326 21.3387

1.79635 77.3779 27.2592
1.58058 76.8411 27.065
1.59153 76.9115 27.3502

94.5903 66.3895 44.4189
94.2941 66.4325 43.9272
94.5056 65.9848 43.7416

5.88232 9.50682 90.4395
5.28533 9.51834 90.2145
5.55173 9.17515 89.8677

18.0536 72.4137 45.5935
18.0295 72.3606 45.2595
17.4687 73.2085 45.7171

22.2176 52.5884 26.5784
22.4787 52.6416 26.6681
22.383 53.261 26.2884

73.5976 97.9332 66.2886
73.9353 98.1068 66.0182
73.3893 97.9711 66.1999

84.9172 15.6062 98.8078
85.6817 15.8239 98.3361
84.947 15.4883 98.6276

51.5135 23.8395 12.8836
51.5417 24.5787 12.8701
51.2017 24.0022 13.1453

55.2676 98.578 79.6943
55.1274 98.4341 79.8475
55.1158 98.597 80.2801

5.19125 15.7386 35.6278
4.97579 16.2497 35.8679
5.10499 16.1687 35.9377

54.7805 72.1789 77.9076
55.1354 72.7348 77.9012
54.9392 71.9689 78.11

89.5086 21.7714 28.8912
90.2114 21.8183 29.0466
89.5645 22.3584 28.3949

89.5438 21.5194 87.5354
89.5216 21.0664 87.2611
89.3084 21.6931 87.5942

58.817 81.7611 60.489
59.0387 81.6635 60.7059
58.3254 81.8361 60.0049

62.0492 55.7869 58.7572
62.0675 55.6832 58.9678
61.945 55.4875 58.6322

83.94 27.2494 55.9683
84.6547 26.8375 55.788
84.2583 26.4384 56.3932

27.1743 84.8263 32.8769
27.4169 84.4501 33.4324
27.0056 84.7439 33.2166

51.8888 18.7958 3.71749
52.2387 18.6414 3.9843
51.8 18.8687 3.8199

52.0283 39.5954 4.33889
51.8527 38.8677 5.18606
52.1847 39.0836 5.14248

90.1443 88.3305 45.0237
90.4961 87.8526 45.2098
90.5285 88.0601 45.5855

37.2592 21.8141 11.3011
37.8786 22.3322 11.6916
37.9218 22.0695 11.6277

88.8136 15.1577 9.63577
88.6849 16.0635 9.5186
88.1364 15.537 9.44866

45.7264 24.9437 77.802
45.6137 25.3184 78.0189
45.7222 25.477 78.3546

51.6019 41.8279 84.3211
51.4856 41.7169 84.4737
51.5777 42.5207 84.52

95.0304 61.0614 58.3474
95.3597 60.5136 58.5983
95.1411 60.4773 58.7068

90.3911 1.24156 85.3824
90.3847 0.758098 85.8025
90.232 1.22219 85.0439

84.0385 29.5119 29.0426
83.6757 29.4682 29.652
84.2649 28.8238 29.388

67.9209 72.2043 76.0286
67.295 72.1117 76.0314
67.1524 72.677 75.9938

67.2206 22.9277 35.404
67.3814 22.7722 35.6947
66.6725 23.2076 35.4254

26.7866 98.0494 0.622898
27.3573 97.7259 1.35028
27.116 97.6681 1.54398

34.33 58.2408 7.70607
34.2058 57.9138 7.93128
34.5604 57.5063 7.56269

78.1417 77.337 7.83371
78.4606 76.6066 7.81759
78.4664 76.7107 7.46327

74.4552 85.9948 92.4955
74.4246 86.3389 93.0762
74.495 86.5965 92.8305

29.8577 3.91743 95.9296
30.4511 3.70296 95.7025
30.5203 4.07678 95.5197

90.3618 37.1303 65.7561
89.9718 37.8771 65.6217
89.9042 37.3996 64.9208

60.5216 82.9543 65.3587
61.0533 83.2533 65.393
61.0124 83.5142 64.9152

85.2038 80.9488 41.6692
84.7728 80.8527 42.0435
85.4284 80.7211 42.1163

67.4551 97.8584 37.1674
67.4663 97.4659 37.0013
67.1209 97.8507 37.3975

60.677 30.278 63.5084
60.7891 30.1325 63.3187
61.209 30.7388 63.0524

82.8874 81.411 76.8262
83.4361 81.0884 76.8106
82.8043 81.478 77.2059

93.2598 11.5042 65.5475
93.2002 12.115 65.8515
92.8357 12.3157 66.0312

64.2903 29.1471 56.3365
64.4258 29.9812 56.1523
65.199 29.2912 56.799

24.1269 3.16432 99.1322
23.7858 3.10147 99.2467
24.4474 3.58289 99.4165

86.551 9.71605 77.2765
87.0837 10.3649 76.5706
86.6507 10.4156 76.5974

53.2511 4.92661 92.7853
52.9211 4.16524 92.8147
52.9153 4.6676 93.0709

92.586 89.9576 58.2618
92.5783 89.8296 58.3584
92.3512 90.0546 58.5123

27.0024 58.2401 31.2512
27.0776 57.7724 31.2909
27.0138 58.3279 31.29

43.776 21.955 44.128
44.1685 21.8826 44.0293
43.7544 21.6326 44.7536

80.5325 85.214 40.3962
81.0436 85.4835 40.9754
81.3576 85.8016 40.8793

16.3645 35.6339 14.6322
16.5707 35.0703 14.8495
16.0146 35.643 15.2866

20.3568 65.2373 15.8533
20.1663 65.049 15.7103
20.5721 65.218 16.0825

72.8372 86.8773 14.2614
72.5474 86.0389 14.6144
72.6938 86.4076 14.2969

53.4837 96.8327 26.4091
53.2763 96.0354 26.066
53.4337 96.3234 26.274

11.0285 57.0169 82.5253
11.5298 57.7472 83.3941
11.6728 57.2838 83.257

97.9758 59.5836 77.228
98.1141 59.1149 77.1961
98.3713 59.0017 77.183

78.132 9.0942 32.1067
77.9456 8.20319 31.6819
77.779 8.44131 31.7603

6.88863 1.47838 25.9604
6.64246 1.46358 25.5523
6.42081 0.904585 25.5373

65.6037 89.2272 68.858
65.7304 89.0125 68.9405
65.0467 89.4034 68.86

3.49012 11.1479 13.0744
3.93757 11.2078 13.0804
3.19373 11.1587 12.9688

70.7177 85.9413 16.5713
69.896 85.596 16.4653
70.5905 86.3903 16.1956

86.0795 72.0012 61.618
86.1791 72.0324 61.7291
86.3072 71.4327 61.8781

66.5576 23.5167 98.436
66.8465 23.2219 98.3006
67.0091 24.1205 98.6482

0.457234 2.62735 36.5112
0.558699 2.49634 37.2288
0.175814 2.54556 37.1838

61.0542 84.9751 81.6355
60.838 85.6466 81.8696
60.8307 85.7188 82.2076

17.8306 24.401 82.369
18.1955 24.4018 82.3876
18.5626 23.7738 82.1775

9.99449 60.9575 24.0477
9.83085 60.5717 23.9047
9.65334 60.8206 24.0386

83.473 59.5355 73.6695
83.2541 59.7136 73.9083
84.0783 59.9089 73.6708

65.2513 55.3556 38.1483
64.8258 55.4467 37.7569
65.0592 55.4192 38.4561

19.6656 36.0538 14.226
19.598 35.8941 13.8211
19.3359 35.1774 14.4417

27.1608 17.2494 71.3381
27.7776 17.904 70.8924
27.1578 17.3433 71.374

64.0977 17.2407 32.1641
63.921 17.4294 31.5183
64.0576 17.4166 31.504

42.5621 50.9081 2.83679
42.4768 51.1812 3.01039
42.1902 51.3086 3.07263

5.50472 31.5929 9.08341
5.24815 31.2327 9.25334
5.56434 31.9965 9.67044

23.7514 42.6858 43.4176
23.9528 43.1084 43.9301
23.98 42.8252 44.1001

80.9336 91.7673 16.2457
81.306 91.8197 15.5604
81.3953 92.134 15.9994

82.7607 68.72 55.813
82.5932 68.9553 56.2426
83.0314 69.4064 56.3959

54.6165 40.2984 56.4122
55.3302 41.1146 56.3365
55.4869 40.241 55.6056

69.2492 52.3119 36.5222
68.7302 53.1454 37.2157
69.2899 52.3942 37.283

17.5219 28.4036 7.56471
18.5071 27.9544 6.9709
18.0682 28.0488 7.05679

40.6924 25.1274 21.6359
40.7397 25.8195 22.1632
41.1086 25.5535 22.2784

60.513 85.5202 82.7744
60.2785 85.6971 83.0532
60.3466 85.7059 82.8516

95.3959 80.7321 46.4094
95.7098 81.1412 45.661
95.9259 81.3285 45.8775

96.2041 20.4082 28.6259
96.0911 20.0164 28.4834
95.9269 20.3226 28.1154

49.5391 78.9057 21.9069
49.6497 78.8674 22.7187
49.1093 78.0572 22.0857

27.9349 57.9754 99.3127
28.3062 57.9397 98.5107
27.586 57.6758 99.3123

1.39014 62.055 36.3346
0.802046 62.5473 37.1223
1.02294 62.3517 37.0498

45.5894 30.0309 68.7214
45.8068 30.3087 68.3039
45.8003 29.7413 68.6062

47.7174 18.6334 91.6823
47.6739 18.6395 91.3083
48.0401 18.4254 91.3932

4.41115 26.328 21.1457
4.20842 25.7853 21.4423
3.89485 26.0932 21.1135

15.7698 96.3436 50.978
15.42 96.8193 50.1635
15.3368 96.4498 50.4327

98.4056 17.9788 61.8237
98.0361 18.0142 62.0828
98.2437 17.9194 61.7606

96.0315 77.0533 74.5428
95.5885 77.2076 74.511
96.0945 77.7096 74.998

79.8512 96.4798 60.7755
79.1935 96.4684 60.9558
79.8111 97.0025 61.0893

50.901 72.4157 68.8456
50.5168 72.3771 68.6223
51.2678 73.2244 68.7878

1.00488 31.4734 3.2069
1.65412 31.2711 3.18101
1.26594 32.142 3.22416

63.061 11.5899 89.0377
63.5798 11.0996 88.7682
63.2675 11.5472 88.8708

98.5751 95.712 35.6874
98.2792 95.7205 36.003
98.3031 95.8912 36.2289

11.071 76.6761 83.3202
10.934 77.3129 83.4278
10.8287 77.3349 83.3661

14.2514 40.6038 22.1579
14.545 40.5942 22.1169
14.9028 40.123 22.8903

25.8029 38.7016 63.1876
25.6135 38.8041 62.9601
25.4477 38.7264 63.1643

20.891 44.8186 40.1098
21.6656 44.9592 40.5136
20.8883 45.2908 40.1458

16.3118 22.8753 91.5573
16.1624 23.1275 91.9418
16.7947 22.9644 91.583

31.085 94.3475 84.1674
30.6465 94.5581 84.6188
31.049 94.6049 83.7502

89.068 50.9856 37.193
89.3695 51.1479 36.4219
89.2935 51.3874 36.6339

85.8835 5.2726 86.7587
85.9848 4.57988 86.7073
85.8298 5.24445 87.1378

78.1229 96.2141 20.2704
78.2168 96.1081 19.7798
77.5827 95.6713 20.3334

17.5387 91.4083 66.2155
17.9491 91.2726 66.261
17.8237 91.5968 66.0289

83.3763 32.1542 50.4056
82.9311 31.9358 50.3715
83.1269 31.6799 50.9659

59.5124 94.5059 29.5603
59.4591 94.6793 29.4765
59.1217 95.0512 30.1814

21.8281 48.0989 53.5782
21.2595 48.9314 53.897
21.7662 48.8883 53.4863

6.18513 43.9364 71.0467
5.99183 44.5276 70.9997
6.28692 44.512 71.1566

72.3091 65.2232 27.1593
72.2768 65.4349 26.6437
71.8137 65.3101 26.785

91.5591 64.1502 56.5503
90.8975 64.21 56.9926
91.6068 64.482 56.1423

53.6952 86.0862 82.7105
53.6295 86.8067 82.3668
53.8941 86.79 82.6167

48.6628 89.0642 91.6264
48.2552 88.9823 92.2698
47.8214 89.6494 91.7264

58.8088 97.1561 87.3939
58.8977 96.6953 87.2611
58.7276 97.0118 87.502

0.381147 79.0946 73.3351
0.842488 79.5767 73.2309
0.765385 79.51 73.6146

85.6027 25.315 25.9498
84.9624 25.9037 25.9242
85.8384 25.4315 26.6135

65.5498 8.1787 12.623
66.3223 8.18039 12.4187
66.0562 8.39352 12.7299

38.2549 40.9153 56.3297
38.2129 41.7723 56.582
37.4727 41.5323 56.9261

39.9774 74.7158 81.632
39.8698 74.376 81.7093
39.9906 74.5678 82.2332

28.4375 55.6142 40.6497
28.2103 55.991 41.0629
27.7763 55.9422 41.0735

37.8103 49.625 43.5364
37.6992 49.0227 44.2836
37.5209 49.6236 44.0265

90.4037 16.1573 95.5794
90.2873 15.4371 95.1386
90.6964 16.1784 95.3959

70.6158 30.5334 1.12397
71.1873 30.906 0.618531
70.6264 30.8235 1.28212

34.6947 47.7411 80.6828
35.2514 47.6515 80.8382
35.2113 47.9216 80.6077

23.5086 43.902 44.4394
23.8798 44.6125 44.7439
23.8852 44.8841 45.1285

31.6015 82.4129 68.0115
31.3504 82.7617 68.4926
32.1606 82.9243 68.6019

42.821 34.1111 96.1055
43.2183 34.3451 96.5489
43.6648 34.6929 96.555

14.5954 32.1616 42.3997
14.5215 32.4767 42.231
14.2049 32.8772 42.3445

64.8041 91.3331 81.5668
64.7526 90.765 81.9112
64.7207 90.8248 81.9347

66.0448 82.1055 7.57709
65.7523 82.2461 7.90146
66.1764 81.9282 6.95027

90.1086 15.9271 40.9834
90.4657 15.5767 40.8971
90.2851 16.0656 41.7704

77.1068 2.7832 27.2443
76.9191 2.44664 27.0663
76.9888 2.8114 26.7919

11.8824 52.4643 5.2928
11.9306 53.3729 5.44915
12.3428 52.5252 4.89706

75.6156 59.9632 30.33
75.5792 59.7364 30.3538
74.848 59.2983 29.7831

70.6304 62.8721 43.4214
70.8118 62.9909 42.9511
70.8592 63.1092 42.9771

98.9447 47.7386 37.831
99.1446 48.4939 37.4273
98.442 48.3395 38.3525

12.4157 47.1069 68.6849
12.7526 46.8187 68.3192
13.1823 46.9862 68.3972

68.057 77.0377 84.687
68.4998 77.0296 85.1686
68.8773 77.7735 85.2289

38.8411 84.474 52.2817
38.827 84.5991 52.752
38.5113 84.6318 52.3003

6.89042 61.8989 47.0169
6.54724 61.5853 46.7933
6.40095 61.6884 46.966

32.7754 75.5105 1.63179
32.4861 74.8983 1.48412
32.0123 75.3468 1.57766

39.25 94.1229 8.27883
39.4559 94.186 8.89983
39.9218 94.8278 8.32011

61.5413 7.38678 48.1686
61.3839 7.70803 47.9245
61.3911 7.67974 47.6038

6.18469 20.2199 19.6899
6.04634 20.6158 19.64
6.12662 20.6693 19.7087

9.53524 12.4808 85.5674
9.90814 12.0995 85.6397
10.3877 12.388 85.8644

58.4855 87.2647 47.9845
58.6102 87.3189 47.1847
58.8019 88.1411 47.5934

6.6068 57.7661 40.4456
6.33292 57.8619 40.5631
6.19085 57.9103 40.4059

92.9611 90.8847 68.3475
92.8897 90.4751 68.2288
92.3644 90.5108 68.2484

3.41696 60.0816 40.9768
4.01817 59.1411 41.5569
3.42405 59.858 40.9011

49.9668 17.185 66.6072
49.1913 17.1176 66.5171
49.8772 16.7541 67.3279

22.7121 60.4511 28.5829
23.0491 60.4834 28.1802
22.4599 60.7081 28.1296

59.4867 72.9207 28.1259
59.7178 72.4166 27.2947
59.389 72.2941 27.7645

54.5613 43.1767 4.12171
54.4416 43.4006 4.72582
54.7231 43.9419 4.36982

49.7715 85.8179 1.30838
49.0366 86.4139 1.03527
49.3106 85.8969 0.993967

35.0821 94.1202 4.84817
34.7206 94.6651 5.28205
34.7614 94.2796 4.5038

28.3644 98.4429 47.8368
27.6923 97.9375 47.7021
27.6963 97.7477 47.8565

20.3904 14.6444 23.7891
19.981 14.9935 23.7365
20.0262 14.5113 24.0691

84.0559 51.7417 62.1221
84.0887 52.0185 62.1088
83.5672 51.9791 62.8716

63.3599 24.1379 12.585
62.845 24.3354 12.7279
63.0806 24.1649 13.2202

15.4821 97.2873 66.3018
15.2309 97.1298 66.8172
15.8572 97.7833 66.5297

6.12571 62.7402 24.5425
5.99348 62.3705 24.7809
6.11865 62.3316 25.3119

35.4224 82.4976 68.9528
35.2504 82.6482 68.931
34.9198 82.2151 69.3745

21.8138 54.2566 95.9118
21.0704 54.3168 95.5375
21.3163 54.4819 95.3281

45.9524 74.4902 73.0145
45.9178 73.841 73.8426
45.6117 74.5276 73.3526

79.3186 45.5363 11.925
79.9924 45.749 12.4681
79.9521 45.5058 11.9532

55.9065 62.3008 91.5139
56.222 61.756 91.2572
55.9584 61.6455 91.1586

25.8259 8.47922 52.4803
26.2822 8.28011 52.9338
26.3992 8.31125 52.5714

12.186 17.1737 40.1775
12.5587 16.7375 40.7979
12.4767 16.8263 40.6776

92.353 87.7928 83.9996
92.6262 88.0516 84.0789
92.1516 88.2568 84.7071

56.3653 16.0399 21.324
55.9207 15.1629 21.489
56.3264 15.1734 21.3188

45.249 45.103 6.20015
45.7619 45.0328 6.08668
45.6096 45.3344 6.11375

52.3645 55.6552 73.3852
52.1441 55.2197 73.5378
52.3527 55.702 73.4689

32.8997 73.4619 36.8525
33.5633 73.918 37.3005
33.6205 74.0074 37.0499

42.9103 33.5789 30.8937
42.3634 33.101 31.4493
42.1023 33.7746 31.105

27.6679 42.681 71.8434
27.9817 43.0117 71.5836
27.3496 43.1763 71.7672

76.8501 41.4303 98.4695
76.48 41.8552 97.8007
76.7892 41.706 98.582

87.7748 88.0836 13.2179
87.276 87.3564 13.6481
87.9974 88.0119 13.7402

37.2897 81.4179 6.01919
37.6374 82.1876 5.43464
37.6248 81.8379 5.73546

58.7375 85.4063 8.92754
58.5665 85.2856 8.80795
58.6989 85.0103 8.7312

70.0886 27.7014 65.8297
70.7203 28.0727 65.6505
70.7746 27.608 65.8084

57.3165 2.3214 42.347
57.6743 1.9083 42.2052
56.7578 1.54296 41.6527

72.6392 56.6139 62.8696
73.1028 57.3193 63.1472
72.7626 56.5644 62.3721

89.9541 99.285 77.9674
90.4442 98.8576 77.982
89.8619 98.4873 77.8669

15.0299 11.4949 28.2183
14.3312 12.2259 28.7885
14.9594 11.4973 27.9548

60.4391 91.6635 98.6994
60.6213 91.5697 98.693
60.3997 91.8081 98.6175

43.1808 19.2086 52.9187
42.9901 19.3503 53.0329
43.2712 19.3459 53.2182

83.4526 77.0184 86.2226
83.5767 76.6233 87.1452
83.5725 77.1854 86.4628

2.63505 60.2507 52.6577
2.66582 60.6832 51.8483
3.19374 61.0401 52.1851

34.2563 9.01766 98.4807
34.2104 8.85261 98.2516
35.0808 8.64534 98.9476

99.6065 8.66466 23.0468
98.9047 7.68995 23.6541
99.4267 7.82145 23.7841

78.2906 31.609 39.3786
77.8021 30.9539 39.4643
77.7921 31.0677 39.9973

91.3971 52.5382 30.2417
91.3281 52.5345 30.3193
91.56 52.5114 30.3094

41.1374 71.0526 54.6097
41.9694 70.8337 53.9189
41.364 70.7896 53.9182

65.11 70.864 34.8934
66.0428 70.7856 34.4194
65.3436 70.9423 34.8837

74.7434 34.0802 25.7635
75.2726 33.4946 25.4761
74.8172 33.611 25.9857

5.64849 13.9814 20.6111
5.6486 13.6385 20.3252
5.99295 13.6954 20.4967

20.7369 18.5996 43.1568
20.5296 18.3517 42.4944
20.7829 18.6428 43.1516

27.3205 34.0687 74.7152
27.2334 34.1252 73.8516
27.437 34.1824 74.331

24.092 86.7005 68.7463
24.4279 86.9046 67.9294
23.857 86.437 68.403

84.7713 34.2217 75.6421
84.445 33.4908 75.9792
84.1903 34.1633 75.6811

21.6997 43.9727 8.35902
22.2487 44.212 8.23201
21.9342 44.6156 7.50668

39.9987 61.4966 51.762
40.5343 61.3442 52.0985
40.2956 61.2083 52.0134

4.23917 3.41702 96.2684
4.55617 3.63333 95.7102
3.6316 3.91923 95.9411

93.2435 64.6747 96.2105
93.2822 65.0741 95.8238
92.7998 64.5354 95.6057

78.2536 3.73094 85.6659
78.0337 3.76719 85.6972
77.9978 3.41846 86.0117

21.65 44.4195 22.9904
22.1433 44.3543 23.6419
22.1067 44.0531 23.8139

76.4584 85.1304 44.3575
76.6907 85.9143 44.3873
76.5524 85.5634 44.1752

66.3581 96.9904 12.2652
67.0591 97.2043 11.709
67.2908 96.6806 12.1965

4.44209 3.83782 93.807
4.31398 3.6079 94.6657
3.75723 3.82836 93.7796

52.3509 40.8453 93.3863
52.6446 40.515 93.3622
52.7625 40.5713 93.7315

3.95003 20.3004 41.4122
4.47463 20.3378 41.4412
4.42149 21.0751 41.4033

61.499 57.6667 19.5674
61.5396 57.1951 19.9727
61.478 57.2293 19.6925

1.13246 52.3527 65.774
0.962888 51.3918 65.9771
1.37642 51.4681 66.1692

18.9856 67.6568 73.3622
18.4496 68.2725 72.9383
18.6457 67.8149 73.5669

49.1294 96.531 6.4601
49.4032 96.5377 6.97917
50.0665 97.0056 6.94398

9.90529 27.1668 74.2536
10.4096 26.3516 73.9347
10.1436 27.0384 74.1635

35.0074 99.2461 58.0282
34.913 99.7419 57.9983
34.9757 99.7917 57.4898

84.4277 21.5004 92.3042
84.1655 21.5963 91.5688
83.9073 22.0045 91.5452

91.6035 61.4984 29.0291
91.3353 61.8457 29.0281
91.9118 61.47 29.3742

69.5073 76.2444 32.5629
68.9324 76.091 32.778
69.8558 76.7105 32.98

85.8853 18.3543 93.0386
86.0159 18.2753 92.6571
86.3077 18.6993 92.922

58.5114 77.9884 13.7454
57.9963 77.6842 13.512
58.323 78.3134 13.8711

74.6883 89.3995 70.1283
75.3237 89.2668 70.3108
75.257 89.2883 70.5924

39.6631 90.7141 20.1302
39.1859 91.2979 19.9128
39.321 91.0205 19.4277

68.2906 86.5773 32.8146
67.7879 86.3298 32.7088
67.4909 86.5158 33.5808

54.5432 17.2119 67.2645
54.5356 16.6059 67.1772
54.7306 17.2579 67.5337

27.4326 14.312 64.1825
27.5518 13.9935 64.053
26.8815 14.8132 64.4577

49.1672 26.8344 73.3886
49.1029 27.3827 73.5532
48.778 26.6418 73.4725

60.4914 35.1688 48.0457
60.1964 34.4371 48.1857
59.8416 35.3097 47.6356

60.9878 91.9517 16.6874
60.571 92.4427 16.9556
60.3114 91.9976 17.2438

19.639 78.5928 51.231
19.8065 78.1942 51.5782
19.2873 78.1441 51.372

53.2358 15.9095 80.9501
53.2718 15.5175 80.8764
53.4391 16.3041 81.1242

44.8228 22.1693 66.0498
44.4976 22.3632 65.8341
44.0089 22.8053 65.784

62.3715 57.7432 24.1814
62.1196 57.2797 24.3375
61.9297 57.4023 23.7936

87.8127 48.7825 41.3004
87.7315 48.2268 41.521
87.3891 48.0578 41.8518

8.74187 59.1766 34.1129
8.42728 58.8008 34.6894
8.66408 59.3792 34.3563

47.4736 13.9172 74.8577
47.8239 13.7986 75.3423
47.2384 14.3511 75.1527

40.4887 18.0965 63.2052
40.3054 18.1766 62.7968
39.6469 17.9921 63.4055

35.1291 70.2446 15.8364
35.6809 70.7204 14.9742
35.4362 70.0904 15.2486

62.1494 1.01278 52.6752
62.5258 1.41281 52.8549
62.157 1.29873 53.1635

90.9402 13.2532 11.6922
90.8575 13.6056 11.3973
91.0078 13.8429 11.8401

25.5057 55.0549 38.8369
25.8796 55.6807 38.8456
25.4092 55.8725 38.9892

49.9147 48.7303 37.4153
49.641 48.6466 37.5474
49.7559 48.8715 36.7235

7.30724 96.1005 63.3879
7.77413 96.3545 63.943
8.15962 96.708 63.0426

62.0151 59.7922 78.1437
61.8414 59.2872 77.629
62.2113 59.1999 78.3137

30.0938 89.6408 46.86
30.2014 89.7136 46.8281
30.8377 89.8105 47.0886

37.8573 38.5735 4.81343
37.9142 39.1969 4.40878
37.6964 38.503 4.26108

86.6669 40.2469 70.5048
87.5363 39.5485 70.4037
87.0066 39.7815 70.0563

69.8135 77.4796 23.7675
69.3384 76.8586 24.1537
69.3778 77.1949 24.4893

43.661 85.2003 73.5169
43.0162 86.0752 73.9143
43.7187 86.1347 73.8141

95.3093 89.2974 51.0441
94.8233 89.9929 50.8191
95.0627 89.9527 50.571

62.5492 44.3378 59.2936
63.3329 43.7694 60.1538
63.0754 43.7038 60.1895

60.6877 61.7799 87.1432
60.9924 61.7344 87.0422
61.4985 61.5502 86.3405

76.6256 70.5558 4.23246
77.093 71.1868 3.6706
76.6913 71.2659 3.63279

61.4953 84.7992 77.3707
61.4566 84.412 77.9886
61.3283 84.4298 77.5986

22.3518 40.8649 89.4763
22.3908 40.634 90.1862
21.4236 41.1187 89.4652

1.92259 45.0232 17.9907
2.30924 44.6389 17.8426
2.08967 44.1802 18.2999

71.2451 64.8433 54.9311
71.5816 65.0594 54.3415
71.4825 65.0163 54.5804

96.0255 19.8152 29.8605
95.2955 19.8301 29.3053
95.4755 20.2696 29.3003

57.0757 50.3112 83.8373
56.5541 51.0264 83.492
57.1025 50.4681 83.5211

25.5189 5.55061 90.9828
25.8046 5.51095 91.1807
26.0982 5.46232 91.4072

66.9366 85.5004 78.2502
66.1628 86.0709 78.7572
66.9996 85.6626 77.8708

94.6494 49.0744 90.8721
94.3221 49.3291 90.9209
94.2399 49.6305 91.6488

30.7117 25.4902 64.7769
30.2559 26.1573 64.6379
31.0416 26.0555 64.9003

41.7875 82.5886 25.153
41.8748 82.5387 24.6476
41.7908 82.1324 24.7606

58.3949 59.9302 64.3793
58.358 59.2341 64.6354
58.0094 59.8557 64.7721

72.381 87.2469 50.9921
71.7954 86.665 50.8183
72.0427 87.0568 51.6058

20.9428 11.7449 56.9361
21.2222 11.3265 56.5335
20.8693 12.1433 56.3151

61.2589 68.1244 35.8842
61.9679 68.8467 36.7572
61.4809 68.7209 36.5816

62.6425 0.877912 1.52607
62.4711 1.08568 1.63957
62.0371 0.459852 1.14817

95.3941 76.785 35.4689
95.6703 77.4019 36.1559
95.0321 77.591 35.2741

15.9988 77.387 90.5455
16.7652 78.013 90.549
16.7741 77.6801 90.0883

51.8582 97.0448 90.4161
52.1236 97.0038 91.191
52.4792 97.4574 91.2665

16.1006 18.5073 57.5778
16.1684 18.6678 57.3575
16.0767 18.7703 57.5484

70.6519 40.636 25.0872
70.8178 41.1571 25.0671
70.7307 40.4349 25.1087

44.7886 62.6381 74.6744
44.6732 62.7996 74.8585
45.2501 62.9107 75.1343

18.1283 96.8574 10.8207
18.5574 97.5676 10.2283
17.8035 96.9044 10.5136

81.953 60.8667 14.1606
81.7046 61.3165 14.788
81.4568 61.5753 14.3143

24.6517 87.9383 7.43422
24.3182 88.1172 7.41193
24.421 87.5344 7.47678

4.46321 4.58573 68.3998
4.7977 5.40816 68.0143
4.93846 4.94053 68.0444

79.2022 77.6354 91.663
78.5808 76.878 91.5451
78.6471 77.5113 91.1477

95.4331 98.169 91.6211
95.3408 98.2131 91.666
95.0237 98.3065 91.8033

18.8318 95.1202 26.9671
18.2711 94.9137 26.7431
19.1904 95.5595 26.5552

60.5488 97.8652 39.655
60.6916 97.8211 39.6426
60.6158 98.6199 40.0328

34.1757 54.3629 89.5066
34.4807 53.5471 89.4621
33.7455 54.1406 89.9862

82.9819 73.9303 22.4365
83.3269 73.5404 22.4242
82.7265 73.6907 22.5027

20.0296 74.7386 28.6991
20.4951 74.0786 29.2388
20.3949 74.5865 29.168

7.1418 62.4093 70.1229
7.04891 62.2438 69.8627
7.27364 62.6111 70.5546

77.2291 61.6123 14.9245
76.4834 61.8118 14.6697
76.7721 61.0867 14.6321

60.7822 93.8042 60.5199
61.3729 93.8718 60.1432
61.0771 93.3223 60.8442

97.0242 45.3409 27.6314
97.867 46.1115 28.2464
97.0117 46.0579 27.9733

70.7435 95.2555 45.0419
71.048 94.8667 44.9836
71.6551 95.1395 44.5654

38.5739 20.0183 82.3476
38.3157 19.9971 81.8052
38.5929 20.1267 81.8452

62.3227 84.4007 23.8044
62.8447 84.1147 23.7621
62.2931 84.1709 23.2091

4.63427 9.0525 45.3691
4.80739 9.43783 45.5636
4.62987 9.86396 45.3257

55.3565 4.25273 47.766
54.7765 3.87801 47.6088
55.007 4.29836 47.5687

56.7039 47.5134 82.3404
57.0961 47.5539 82.4313
56.5464 47.1856 82.49

13.6305 34.5319 14.8469
14.3685 34.0817 14.885
13.8475 34.0115 15.3683

68.0832 79.1442 64.5127
67.2354 79.7118 64.9839
68.0615 79.2244 64.8459

40.2142 36.4389 41.9649
40.9199 36.5755 41.304
41.0697 36.6879 41.2704

92.8718 80.8785 76.456
92.413 81.5574 76.2516
92.0629 81.4286 76.6274

35.2499 71.6924 33.5473
35.7619 72.0981 32.9081
36.1762 71.1508 33.6241

87.3546 78.382 71.5991
87.6085 78.3101 71.4146
87.3786 78.2962 71.5595

40.8347 13.6413 46.2582
41.2222 13.9973 46.9766
40.5531 14.0033 46.5445

91.6765 19.1089 42.0865
92.5403 18.9895 41.8713
92.2567 19.1577 42.5642

33.9543 59.6847 54.1745
33.5961 59.093 54.3091
34.0617 59.5129 54.621

10.8262 42.4033 27.4064
10.2733 42.3286 26.5982
10.6939 42.4017 26.7222

29.5419 49.2794 26.3306
29.4665 49.6139 25.9255
30.0121 49.4453 26.7126

15.0761 78.802 1.79642
14.6756 78.9015 1.21907
14.9429 78.8801 1.78002

24.4704 22.9546 10.2512
24.7274 23.2477 9.74747
24.989 23.7724 9.89698

32.9539 34.4393 77.9286
32.7703 34.5872 78.7173
32.7821 35.0226 78.4447

81.4402 95.062 44.2605
81.0509 95.3054 44.4916
81.1478 95.6817 44.5689

22.9009 51.1704 92.7751
23.2029 51.4997 92.1196
22.9891 50.8583 92.459

56.8698 27.2312 99.4347
56.4874 27.0451 99.3923
56.932 26.9087 98.652

76.7084 60.4819 63.719
77.2668 60.7094 63.2318
77.1956 61.0894 63.6394

56.6198 47.4557 17.604
56.1276 47.0255 17.8745
56.1227 47.4855 18.3317

15.2423 5.08125 27.0762
15.3776 4.85352 26.6854
16.016 5.10691 26.8657

32.0953 40.2684 59.9338
32.5336 40.833 60.4037
32.7087 40.5658 60.3418

24.0527 68.6312 30.4752
24.0509 67.7849 30.5208
23.3203 67.814 31.0886

44.8064 26.4953 23.2438
45 26.8159 22.6491
44.6015 27.1672 22.7949

64.4245 53.0797 8.59502
64.2217 53.3148 8.27897
64.5268 53.0908 8.19873

87.3248 28.1676 20.2954
87.2112 28.6155 20.5623
87.4377 28.0767 20.632

13.3763 88.1614 3.88491
13.7475 88.807 3.41606
13.829 88.3118 3.91183

33.6311 59.3979 52.5922
33.7595 59.2779 52.8734
33.9615 59.4765 53.1983

18.3587 37.1811 41.9199
17.9998 37.3126 41.8089
18.0312 36.6694 41.9543

19.7913 89.4523 47.9503
19.5912 88.7865 47.5482
20.1221 89.3295 47.7532

86.0886 25.3244 66.3242
86.7326 25.5022 65.6929
86.1495 25.2515 66.3731

89.3966 44.9654 80.6403
89.082 44.1603 80.5367
89.5586 44.6593 80.2426

37.6752 85.8542 61.1445
37.2506 85.7219 61.399
37.911 85.9087 61.5269

91.6348 57.7761 88.7391
91.6278 57.6746 88.1846
91.4325 57.1132 88.0518

1.56406 29.0112 32.2315
1.13958 28.3842 32.0917
0.755194 28.1276 31.7819

27.093 31.9677 98.3568
26.6741 31.8909 97.9321
26.561 32.1269 97.7549

13.3254 68.7582 84.1856
13.58 68.7651 84.4697
12.8967 68.6417 84.3544

96.3276 5.73013 43.6904
95.7559 5.99653 44.0103
95.742 5.7161 43.3093

84.2198 41.2851 28.3773
84.3487 41.4145 28.0645
84.1989 40.9312 27.7855

14.7435 1.67251 86.9596
14.9226 1.63841 87.0162
14.3595 2.34244 87.1406

49.0525 89.7282 5.08959
49.1094 90.5773 5.50057
49.3886 89.7325 5.09903

32.8707 31.409 88.9852
33.0163 31.5535 89.001
32.8899 30.9924 89.1048

25.1734 64.8877 32.9116
24.8324 64.3807 32.8177
24.8822 64.6315 32.8423

64.5731 75.0756 90.9764
64.7427 75.4001 90.2892
64.6401 75.1492 90.7361

43.1625 30.7973 28.9722
43.4242 31.0436 29.6206
42.7555 30.8247 29.3238

28.614 54.1079 86.1933
28.6498 54.7579 85.9482
28.5592 54.979 86.2901

18.3331 30.0779 8.1838
18.031 29.5079 8.49409
18.3205 30.0958 8.57271

73.8664 45.519 20.817
73.5377 45.805 21.3632
73.4052 45.1023 21.3992

56.1022 55.3055 58.0611
55.5135 55.4864 58.359
55.5912 54.9182 57.945

60.9946 53.9849 39.4709
60.8767 53.7239 38.9243
61.0838 53.431 38.5586

81.6382 77.1748 0.265178
81.5336 77.7352 0.815808
81.1151 77.3649 0.608984

64.0755 25.7381 53.9897
64.4481 26.35 53.5253
63.8368 25.7654 53.4802

18.7866 69.4757 13.0115
18.8668 69.2935 12.7908
18.8673 69.9706 12.8159

92.5734 27.3389 90.9024
92.1353 26.9818 91.1586
92.6711 27.4113 91.5335

73.0844 30.2501 74.3983
73.5167 30.4335 75.098
73.6428 30.0628 74.3024

30.1845 2.08284 8.52981
30.5159 2.01089 7.80165
30.4328 1.7076 8.22763

97.9339 60.5 53.924
97.697 60.2361 54.2246
98.447 60.4495 54.7161

4.74778 99.4278 51.2595
4.80398 98.7266 51.2733
3.88229 99.3317 50.997

80.3409 60.7282 20.6487
79.8163 60.7136 20.2557
80.3605 61.0873 20.6572

90.8066 95.7 69.104
90.6413 95.739 69.1006
91.1508 95.6298 69.8689

41.4171 72.2023 87.7123
41.9683 72.0052 87.3211
42.1713 71.8575 87.7833

55.0676 72.8792 7.93587
54.6276 72.7938 7.89401
55.3251 73.0517 7.73892

1.40988 86.3181 57.7125
2.2232 86.734 57.4342
2.1036 85.9774 58.1814

30.6599 92.3137 37.7054
30.2834 91.8628 37.4355
30.3546 91.5704 37.0376

6.19557 44.4799 62.192
5.89107 44.4935 62.0592
5.47045 44.5522 62.5285

53.3777 35.2164 62.1696
53.2007 35.5214 62.0928
53.5737 35.9878 62.0136

57.5355 95.9802 6.4508
57.643 96.0336 6.89595
58.2672 95.9377 6.30628

21.884 68.8006 51.4518
21.6192 68.3337 51.8064
22.2396 67.9425 51.9135

58.3403 43.6969 87.4813
58.9332 44.2772 87.4495
58.9959 44.3629 87.5787

16.1531 11.1337 3.52519
16.2488 10.3498 4.2114
15.7685 10.8319 4.07654

46.1357 83.4526 7.06414
45.5997 83.0392 7.50306
45.4757 83.2981 7.74689

90.6417 37.0221 58.3588
90.4935 37.1768 58.462
90.5279 37.0168 58.3826

63.7026 22.0559 65.1124
63.375 21.5137 64.9485
63.4455 22.3285 65.6224

27.1993 22.4342 4.95112
26.9596 22.3434 5.3222
26.5441 22.9752 4.60773

61.8569 40.7249 66.3292
62.3751 40.3639 65.5452
62.03 39.8101 66.2166

66.8123 12.5681 95.6868
66.5961 12.8349 94.9096
66.6404 12.6183 95.2872

16.81 89.8194 78.7829
17.0303 90.442 78.185
17.6907 90.6621 78.1049

91.658 61.0077 58.8208
92.4862 61.6747 58.9445
92.4436 61.4517 58.2575

77.006 2.01773 61.3556
76.5079 2.18648 61.2625
76.2965 2.28998 61.2977

88.1827 21.5082 57.1645
88.212 21.4332 56.7806
88.8001 21.515 56.79

21.7877 12.4911 74.7161
21.8178 12.2599 74.7302
21.4278 12.1529 75.3494

53.9731 4.22067 62.6199
53.8883 4.11141 62.8351
54.4611 4.11141 63.0346

36.0365 15.0068 6.00766
36.1127 15.2175 6.1239
35.8654 15.1453 6.10752

46.3617 85.3372 12.3046
46.201 85.8782 12.3449
45.8283 85.2991 11.5688

66.4224 72.2597 14.2131
66.3559 72.6194 14.357
66.4139 72.046 14.1183

65.0475 91.4093 13.1825
65.4116 91.8707 14.0402
65.5282 91.5522 13.4657

27.8046 84.2249 28.6149
27.8309 83.8918 28.3384
27.9719 83.2927 27.9709

50.9426 39.4944 2.20281
50.1034 39.1511 2.12435
50.2362 39.1883 2.30131

23.0137 87.3801 17.6662
23.3295 87.6601 17.5069
23.6118 87.7426 17.4958

39.3272 86.037 96.9409
39.3529 86.5425 97.3319
39.3707 86.4474 97.1153

26.6187 59.5821 64.4755
26.1538 58.8133 64.3541
26.3273 58.9349 64.7507

81.5987 57.9818 8.66167
81.9218 58.3711 8.52954
81.9006 58.1536 8.64721

49.8448 28.0593 45.2012
49.0547 28.322 44.795
49.7047 28.9427 44.5875

90.7914 15.0793 38.6187
90.1938 14.9019 38.2013
90.2728 15.0587 38.5036

24.0331 93.0629 11.1242
23.8567 93.5571 11.4065
23.3034 93.4778 11.5149

19.0061 93.8041 34.2222
18.3671 93.7119 34.3697
18.7519 93.6257 34.8465

2.98867 85.2536 26.2249
3.40355 85.4869 26.1609
3.51005 85.4261 25.5556

24.1999 19.122 93.1656
24.1713 19.3064 93.1058
24.5136 19.0594 92.8267

74.8809 45.5132 3.83669
74.8392 45.542 3.69528
75.0969 44.6833 3.94905

17.1836 67.1895 17.9027
17.2283 67.4328 18.0919
17.1618 67.5392 17.4906

53.3491 75.9603 76.5314
53.7534 76.7143 76.9816
53.7863 75.9498 76.9305

23.6955 37.3158 48.6013
23.3832 37.4812 48.2765
23.558 37.2965 48.6145

13.7986 65.8558 20.536
12.9875 66.3925 20.3014
13.7594 65.6125 20.4868

98.4684 83.1711 77.814
97.9755 83.4037 77.1826
98.4604 83.0703 77.0027

14.5888 74.1144 13.3442
14.2059 74.2445 13.0048
14.4044 74.1648 12.459

13.055 43.3154 3.37407
12.892 43.3045 3.20921
12.6683 43.8518 3.7016

34.349 90.1591 29.8913
34.489 90.3022 29.6371
34.6145 89.7244 29.912

84.7655 5.24928 11.5563
84.8064 5.37331 11.9907
84.838 5.14894 11.3061

75.4279 79.4132 49.0325
74.9979 79.7535 48.9387
75.2929 79.4137 49.3842

38.6982 98.9236 28.3855
38.4055 98.7754 28.4356
38.5178 98.214 28.7235

8.0974 68.0486 4.64386
7.28469 68.8021 4.44411
7.7765 68.6332 4.63336

95.9344 18.9079 75.3125
96.6297 18.2906 75.3025
95.9134 18.1056 75.2181

49.3569 59.4694 61.6085
48.9895 59.5417 61.2939
49.034 59.4858 61.4903

74.4379 37.7125 64.9515
74.6596 38.6794 65.1336
74.4108 37.896 65.0118

68.968 10.146 75.4682
68.8146 10.6361 75.0666
68.4286 10.4709 75.2997

89.701 9.24167 95.9085
89.4028 8.98572 96.2894
90.0545 8.7622 96.2935

19.9692 12.5355 57.3935
19.4623 12.2259 57.493
19.2162 11.8472 56.7882

87.9519 64.771 93.5764
88.6132 64.6729 93.6637
88.5798 64.0803 93.2629

16.3335 15.4855 59.0445
15.9345 14.679 59.1623
16.5066 15.4874 59.0296

68.5721 21.1995 25.3464
68.7264 21.0847 24.9933
68.666 21.3982 25.7221

20.6223 43.964 43.7563
19.8683 44.1214 43.9035
20.4575 43.8757 43.8116

38.9091 64.787 63.1331
39.6032 64.4742 63.3445
38.8548 65.0205 62.6113

59.4771 50.6529 17.7178
59.2834 50.8527 17.1581
59.7206 50.6993 17.5396

38.6607 29.6129 99.1638
39.1913 29.0037 99.8124
38.8235 29.2214 99.3884

71.5564 49.2969 77.7813
71.5769 48.8909 77.2914
71.7494 49.5624 77.4417

30.3499 39.7245 60.1716
30.8097 40.1149 59.4609
30.8084 40.1278 59.4321

13.0793 26.1813 42.4728
13.5958 25.8994 41.9642
13.3755 26.371 41.6189

94.8375 12.4396 39.2515
95.0871 11.7423 39.6496
95.6869 12.1233 38.9628

70.3422 30.5281 72.5481
70.3992 30.6595 72.8082
69.8181 30.7314 72.244

26.7644 93.1785 30.0853
26.909 93.1358 29.203
26.3023 93.1926 29.9855

60.122 62.5813 90.0188
60.1467 62.2839 90.3257
59.8751 62.0722 90.4721

51.0666 86.1639 10.6129
51.2073 86.4267 10.551
51.5019 86.1793 10.8572

57.4337 4.87376 95.3522
57.2541 5.47786 95.979
57.1596 4.79359 95.5118

70.6214 59.7425 67.6006
70.4463 59.2561 67.4696
70.549 59.4746 67.6028

76.1673 75.3367 9.90937
76.8639 75.9107 9.9552
76.8242 75.5226 10.2916

9.48929 3.20799 57.1493
9.92961 2.91742 56.746
9.60538 3.30538 56.4115

81.4565 67.989 27.0605
81.1582 67.7567 26.8173
81.2558 67.9149 27.228

43.5799 77.1103 81.2248
43.2083 77.2062 81.2535
43.7773 77.2094 81.62

74.1619 13.1939 87.8464
74.2493 13.0128 87.5231
74.516 13.4002 87.5153

19.1873 54.7346 77.5837
19.0191 54.1675 77.3567
18.8353 54.8924 76.9448

66.3913 24.2473 73.6599
67.1992 24.9947 73.7907
67.0831 24.1641 74.0408

15.0624 34.4182 87.1277
15.079 33.6059 87.6732
15.8557 34.2146 87.4053

65.7609 10.1811 77.472
65.8167 9.85061 77.7153
66.5564 9.96155 76.8807

35.8705 6.33228 97.821
35.6782 5.48266 98.1599
35.555 5.65748 98.0223

92.7089 37.4325 32.7449
92.3196 37.0955 31.8442
92.0955 37.2261 32.2002

85.8316 32.2166 46.1745
85.9061 32.5698 46.2298
85.8935 32.4805 46.0878

89.3798 23.7482 52.028
89.6507 23.6765 51.4027
89.9715 23.4834 51.7454

88.0375 97.1489 42.6106
87.4723 97.0082 42.9335
87.9327 97.7764 42.1827

44.7057 64.1535 73.0586
45.2158 64.0532 73.2901
44.7342 64.3614 73.1169

83.3577 25.9417 6.74182
82.7767 25.8213 6.72137
83.2014 26.7797 6.89439

31.2827 39.0288 80.6526
31.4159 39.4793 80.2958
31.1513 39.5819 80.7692

31.9951 41.2714 10.5505
31.3019 41.1042 9.81096
31.3637 41.0133 9.97134

78.348 61.0128 24.0752
78.1243 61.3268 24.467
78.9328 61.5248 24.7124

58.7052 20.9333 57.0386
58.4308 21.2485 57.45
58.5295 21.0436 56.9926

44.1484 48.9218 70.3312
44.3492 48.7093 69.9438
44.59 49.1 70.3092

16.8579 99.6238 64.1224
16.7343 99.2083 64.3311
16.3067 99.0451 63.6064

61.0883 95.2289 59.8238
61.4134 94.67 59.3114
61.1138 95.1515 58.9627

40.1965 22.088 55.5978
41.1595 22.2503 55.5943
40.802 22.0435 55.5663

13.62 76.2234 90.6122
13.6239 76.8365 90.5679
13.2183 76.232 91.1846

44.0487 73.5169 93.1137
43.1676 73.9229 93.3353
43.7253 73.9265 93.48

96.1029 53.4171 14.9464
96.4586 53.546 14.7162
96.3708 53.4035 14.728

91.6783 98.9446 65.5385
91.5562 99.3804 65.2795
92.492 99.2839 65.4415

47.1049 80.8051 15.2223
46.9463 80.7723 14.7604
47.0948 81.1231 14.9075

40.9585 41.2988 68.0533
40.9888 42.223 68.0482
40.644 41.4084 67.4988

78.3106 20.8245 15.2623
78.8891 21.2986 15.0745
79.0356 21.4694 14.4668

65.1102 85.6025 49.5736
64.5134 86.0119 49.9904
65.1926 86.4398 50.0259

79.782 32.1753 62.2329
80.0402 31.9643 62.4411
79.1849 32.1697 61.6484

94.2385 21.1704 86.1247
94.3777 21.8189 85.9892
93.8763 21.7236 86.0143

53.4788 1.38315 4.76139
54.14 1.18289 4.08201
53.7609 0.79021 4.516

21.1998 26.3749 87.3242
21.3811 26.3198 87.5366
21.2439 27.0116 87.6795

94.1164 73.4894 45.1069
93.7209 74.0279 45.1109
93.7599 74.1922 45.1019

7.17369 59.3959 92.9929
7.82972 59.6082 93.2566
7.70868 59.7946 93.5305

13.9103 80.4594 8.957
13.5729 81.4048 9.6986
14.027 80.9295 9.76978

91.2187 64.3607 42.1345
91.3639 64.4302 42.734
91.2998 63.7218 42.7799

48.5961 12.6948 10.555
49.4677 11.8287 10.3672
48.5582 12.4824 10.41

5.82707 5.68261 39.3984
5.64096 5.60326 39.0404
5.06456 5.67807 38.8504

22.6615 3.65851 23.4871
23.5045 4.14849 23.6058
23.6056 4.23615 23.551

51.9013 72.8392 54.4629
51.302 72.8901 54.512
51.6908 72.6836 54.3316

56.0014 22.9777 88.7126
56.355 23.2063 88.7476
56.5882 23.2321 88.9386

10.445 38.3299 60.8652
9.9132 38.8453 60.593
10.4605 38.7187 61.3707

91.1018 2.28644 70.9807
91.2505 1.85102 71.2102
91.1395 1.9592 71.4707

98.6079 81.065 31.9899
98.5379 81.1643 31.3735
98.1489 80.7864 31.7269

64.9339 32.675 43.2924
64.819 32.5927 43.3086
64.5326 31.8396 43.9877

68.5711 52.1238 12.0297
68.3967 52.1125 11.8434
68.7114 51.8402 12.3521

22.7256 17.9879 40.1228
22.2923 17.6362 40.4432
22.7278 18.3919 40.4012

62.016 49.4286 78.4302
61.8891 49.1187 77.9486
62.0059 49.3738 77.7517

27.3489 86.5073 2.4194
27.1399 86.7324 2.59659
27.5389 87.1708 2.04246

37.1476 92.9523 25.4172
37.055 93.5705 25.9079
36.838 93.3826 25.7531

91.1743 48.9249 97.464
91.4015 49.1956 97.3351
91.4205 48.7486 97.6017

13.3502 45.8436 39.5862
12.5118 46.2155 39.5214
12.7675 46.5369 39.897

37.0751 12.6124 62.9342
36.5166 12.5299 63.4255
36.4933 12.8716 62.7187

15.2811 96.1645 78.6803
15.1859 96.2909 78.1413
14.5825 96.1329 78.3454

41.5344 52.8152 14.2548
41.1718 52.18 14.3808
41.8031 52.1411 14.5186

37.9777 51.7026 36.3903
38.1995 50.8491 36.3561
37.9851 51.6337 35.9097

22.2597 51.401 95.1428
21.8273 50.8137 94.6684
21.9709 51.4882 95.4532

33.6251 99.7788 92.9252
33.9298 99.1593 93.4384
33.2897 99.4683 93.3309

92.0158 16.4993 49.1783
92.292 16.7183 49.6915
92.2482 16.3008 49.2907

35.622 43.2761 43.8371
35.4105 42.6106 43.8354
35.3487 43.1121 43.777

14.1084 36.7399 38.6209
13.563 36.6628 38.7827
14.0565 36.3083 39.2609

96.1124 3.08488 36.1009
95.542 2.44106 35.5307
95.9835 2.80101 36.2542

79.3432 76.5549 84.4939
79.411 76.6904 84.8596
78.8009 76.3879 84.3915

39.9017 83.2852 76.2258
39.5628 83.2481 76.2478
39.921 83.0412 76.1479

23.7815 45.7362 4.60604
23.5728 46.5284 4.37073
24.4221 46.4468 4.22206

35.2159 81.5676 26.5732
35.5224 81.9648 26.4096
35.2837 81.5448 25.8916

6.72065 41.23 70.8857
6.50432 41.4671 70.3465
6.54422 41.772 70.4714

42.5845 65.315 44.5604
41.8566 65.6694 44.3823
42.1155 64.7984 44.5805

31.4363 52.0199 88.9974
31.698 52.0782 89.4137
31.4044 52.0202 89.4293

1.27969 43.8731 75.3584
1.80983 44.2947 76.0121
1.25708 44.1371 75.6113

67.5218 58.8887 52.2863
66.8247 58.2053 51.8046
67.7229 58.3014 52.5196

5.84533 72.9676 60.8553
5.35068 72.9764 61.2964
6.10869 72.3903 61.503

12.2006 16.3994 59.7506
12.7691 16.0735 60.3358
12.2911 15.8525 60.2943

